EstMakespan2 954 954 956 952 954 954 954 952 956 952 954 954 952 952 954 956 954 956 952 952
makespan2 888 884 896 888 886 880 892 884 886 884 886 884 884 886 886 884 886 890 884 886
EstMakespan3 638 636 638 638 638 636 636 636 636 640 638 636 636 638 642 638 638 640 638 636
makespan3 590 600 602 598 594 596 596 594 592 600 592 596 602 596 600 592 592 600 598 598
EstMakespan4 480 478 480 484 480 478 478 480 480 480 480 484 482 480 480 478 484 480 482 480
makespan4 446 450 454 456 448 446 446 450 450 444 448 446 450 452 448 446 442 452 444 446
EstMakespan5 386 386 384 386 384 388 386 386 386 386 384 386 386 386 384 386 386 390 390 386
makespan5 354 356 356 360 362 364 358 366 362 362 354 362 364 360 358 356 358 362 364 358
EstMakespan6 324 324 322 324 322 322 326 322 320 322 322 326 324 322 322 322 324 322 322 320
makespan6 310 302 298 300 306 300 300 300 302 304 300 304 302 304 302 300 298 304 300 300
EstMakespan7 276 280 278 278 276 276 276 276 278 276 278 278 276 282 276 278 278 274 274 280
makespan7 262 256 262 264 258 264 262 260 260 264 260 260 258 256 262 262 260 266 254 258
EstMakespan8 242 244 242 244 242 244 244 246 244 244 244 242 242 246 242 244 248 242 242 244
makespan8 222 230 226 228 228 230 230 240 236 232 228 230 230 230 230 228 234 232 230 232
EstMakespan9 218 222 222 220 220 218 222 218 222 220 220 224 220 216 218 222 216 216 218 220
makespan9 201 212 212 208 208 206 213 210 216 206 214 213 206 202 210 206 204 206 210 206
EstMakespan10 196 196 196 198 196 196 196 198 196 200 196 194 194 196 198 198 196 196 194 202
makespan10 188 188 190 185 186 187 184 188 189 186 186 193 186 188 186 188 189 186 186 190
