g_sPntx 1 1 1 1 1 1 1 1 1 1 3 3 3 3 3 3 3 3 3 3 5 5 5 5 5 5 5 5 5 5 7 7 7 7 7 7 7 7 7 7 9 9 9 9 9 9 9 9 9 9 11 11 11 11 11 11 11 11 11 11 13 13 13 13 13 13 13 13 13 13 15 15 15 15 15 15 15 15 15 15 17 17 17 17 17 17 17 17 17 17 19 19 19 19 19 19 19 19 19 19
g_sPnty 1 3 5 7 9 11 13 15 17 19 1 3 5 7 9 11 13 15 17 19 1 3 5 7 9 11 13 15 17 19 1 3 5 7 9 11 13 15 17 19 1 3 5 7 9 11 13 15 17 19 1 3 5 7 9 11 13 15 17 19 1 3 5 7 9 11 13 15 17 19 1 3 5 7 9 11 13 15 17 19 1 3 5 7 9 11 13 15 17 19 1 3 5 7 9 11 13 15 17 19
g_tPntx 1 1 1 3 1 1 1 1 1 3 1 1 3 5 5 5 5 5 5 5 3 3 5 7 7 5 5 5 5 5 5 5 7 9 9 9 9 9 9 9 7 7 9 11 9 9 9 9 9 11 9 9 11 13 13 13 13 13 13 13 11 11 13 13 13 13 13 13 15 15 13 13 15 17 17 17 17 17 17 17 15 15 17 17 17 17 17 17 17 17 17 17 19 19 19 19 19 19 19 19
g_tPnty 1 1 3 7 7 9 11 13 15 19 1 3 3 7 9 11 13 15 17 19 1 3 3 7 9 9 11 13 15 17 1 3 3 7 9 11 13 15 17 19 1 3 3 7 11 13 15 17 19 19 1 3 3 7 9 11 13 15 17 19 1 3 3 9 11 13 15 17 17 19 1 3 3 7 9 11 13 15 17 19 1 3 3 5 7 9 11 13 15 17 1 3 3 5 7 9 11 13 15 17
STCPntx 1 1 1 1 1 1 1 1 1 1 3 3 3 3 3 3 3 3 3 3 5 5 5 5 5 5 5 5 5 5 7 7 7 7 7 7 7 7 7 7 9 9 9 9 9 9 9 9 9 9 11 11 11 11 11 11 11 11 11 11 13 13 13 13 13 13 13 13 13 13 15 15 15 15 15 15 15 15 15 15 17 17 17 17 17 17 17 17 17 17 19 19 19 19 19 19 19 19 19 19
STCPnty 1 3 5 7 9 11 13 15 17 19 1 3 5 7 9 11 13 15 17 19 1 3 5 7 9 11 13 15 17 19 1 3 5 7 9 11 13 15 17 19 1 3 5 7 9 11 13 15 17 19 1 3 5 7 9 11 13 15 17 19 1 3 5 7 9 11 13 15 17 19 1 3 5 7 9 11 13 15 17 19 1 3 5 7 9 11 13 15 17 19 1 3 5 7 9 11 13 15 17 19
rob0	set size = 200
rob1	set size = 200
max  = 200 min = 200
allNumSize = 100
sPntx0 9 11 13 15 17 19 19 17 19 15 19 17 19 13 17 7 5 3 1 1 11 3 5 7 1 15 3 13 5 11 1 7 9 3 1 15 5 13 7 3 9 17 11 5 15 7 13 9 11
sPnty0 1 1 1 1 1 1 3 3 5 3 7 5 9 3 7 1 1 1 1 3 3 3 3 3 5 5 5 5 5 5 7 5 5 7 9 7 7 7 7 9 7 9 7 9 9 9 9 9 9
tPntx0 9 9 11 13 15 17 19 17 19 15 19 17 19 13 17 9 7 5 3 1 9 1 3 5 1 15 1 13 3 11 1 5 7 1 1 15 3 13 5 1 7 17 9 3 15 5 13 7 9
tPnty0 3 1 1 1 1 1 1 1 3 1 5 3 7 1 5 1 1 1 1 1 3 3 3 3 3 3 5 3 5 3 5 5 5 7 7 5 7 5 7 9 7 7 7 9 7 9 7 9 9
sPntx1 7 7 5 3 1 1 3 1 9 5 1 3 11 1 13 15 17 19 19 9 17 15 11 13 19 5 17 3 15 19 13 9 11 17 19 5 15 7 13 17 3 11 9 15 5 13 7 11 9
sPnty1 17 19 19 19 19 17 17 15 19 17 13 15 19 11 19 19 19 19 17 17 17 17 17 17 15 15 15 13 15 13 15 15 15 13 11 13 13 13 13 11 11 13 13 11 11 11 11 11 11
tPntx1 7 7 7 5 3 1 1 1 7 3 1 1 9 1 11 13 15 17 19 7 17 15 9 11 19 3 17 1 15 19 13 7 9 17 19 3 15 5 13 17 1 11 7 15 3 13 5 11 7
tPnty1 15 17 19 19 19 19 17 17 19 17 15 15 19 13 19 19 19 19 19 17 19 19 17 17 17 15 17 13 17 15 17 15 15 15 13 13 15 13 15 13 11 15 13 13 11 13 11 13 11
path_x0 8.5 8.5 8.5 7.5 6.5 5.5 4.5 3.5 2.5 1.5 1.5 2.5 3.5 4.5 5.5 6.5 7.5 7.5 6.5 5.5 4.5 3.5 2.5 1.5 1.5 2.5 3.5 4.5 5.5 6.5 7.5 8.5 9.5 9.5 8.5 7.5 6.5 5.5 4.5 3.5 2.5 1.5 1.5 2.5 3.5 4.5 5.5 6.5 7.5 8.5 9.5 10.5 11.5 11.5 10.5 9.5 8.5 7.5 6.5 5.5 4.5 3.5 2.5 1.5 1.5 2.5 3.5 4.5 5.5 6.5 7.5 8.5 9.5 10.5 11.5 11.5 10.5 9.5 8.5 7.5 6.5 5.5 4.5 3.5 2.5 1.5 0.5 0.5 0.5 0.5 0.5 0.5 0.5 0.5 0.5 0.5 1.5 2.5 3.5 4.5 5.5 6.5 7.5 8.5 9.5 10.5 11.5 12.5 13.5 14.5 15.5 16.5 17.5 18.5 19.5 19.5 19.5 19.5 19.5 19.5 19.5 19.5 19.5 19.5 18.5 18.5 18.5 18.5 18.5 18.5 18.5 18.5 18.5 17.5 17.5 17.5 17.5 17.5 17.5 17.5 17.5 17.5 16.5 16.5 16.5 16.5 16.5 16.5 16.5 16.5 16.5 15.5 15.5 15.5 15.5 15.5 15.5 15.5 15.5 15.5 14.5 14.5 14.5 14.5 14.5 14.5 14.5 14.5 14.5 13.5 13.5 13.5 13.5 13.5 13.5 13.5 13.5 13.5 12.5 12.5 12.5 12.5 12.5 12.5 12.5 12.5 12.5 11.5 10.5 9.5 9.5 10.5 11.5 11.5 11.5 11.5 10.5 10.5 10.5 9.5
path_y0 3.5 2.5 1.5 1.5 1.5 1.5 1.5 1.5 1.5 1.5 2.5 2.5 2.5 2.5 2.5 2.5 2.5 3.5 3.5 3.5 3.5 3.5 3.5 3.5 4.5 4.5 4.5 4.5 4.5 4.5 4.5 4.5 4.5 5.5 5.5 5.5 5.5 5.5 5.5 5.5 5.5 5.5 6.5 6.5 6.5 6.5 6.5 6.5 6.5 6.5 6.5 6.5 6.5 7.5 7.5 7.5 7.5 7.5 7.5 7.5 7.5 7.5 7.5 7.5 8.5 8.5 8.5 8.5 8.5 8.5 8.5 8.5 8.5 8.5 8.5 9.5 9.5 9.5 9.5 9.5 9.5 9.5 9.5 9.5 9.5 9.5 9.5 8.5 7.5 6.5 5.5 4.5 3.5 2.5 1.5 0.5 0.5 0.5 0.5 0.5 0.5 0.5 0.5 0.5 0.5 0.5 0.5 0.5 0.5 0.5 0.5 0.5 0.5 0.5 0.5 1.5 2.5 3.5 4.5 5.5 6.5 7.5 8.5 9.5 9.5 8.5 7.5 6.5 5.5 4.5 3.5 2.5 1.5 1.5 2.5 3.5 4.5 5.5 6.5 7.5 8.5 9.5 9.5 8.5 7.5 6.5 5.5 4.5 3.5 2.5 1.5 1.5 2.5 3.5 4.5 5.5 6.5 7.5 8.5 9.5 9.5 8.5 7.5 6.5 5.5 4.5 3.5 2.5 1.5 1.5 2.5 3.5 4.5 5.5 6.5 7.5 8.5 9.5 9.5 8.5 7.5 6.5 5.5 4.5 3.5 2.5 1.5 1.5 1.5 1.5 2.5 2.5 2.5 3.5 4.5 5.5 5.5 4.5 3.5 3.5
path_len0 200
path_x1 7.5 8.5 9.5 10.5 11.5 11.5 11.5 11.5 11.5 11.5 10.5 10.5 10.5 10.5 10.5 9.5 8.5 7.5 6.5 6.5 6.5 6.5 6.5 5.5 4.5 3.5 2.5 1.5 1.5 2.5 3.5 4.5 5.5 5.5 4.5 3.5 2.5 1.5 1.5 2.5 3.5 4.5 5.5 5.5 4.5 3.5 2.5 1.5 1.5 2.5 3.5 4.5 5.5 6.5 7.5 8.5 9.5 9.5 8.5 7.5 6.5 5.5 4.5 3.5 2.5 1.5 1.5 2.5 3.5 4.5 5.5 6.5 7.5 8.5 9.5 9.5 8.5 7.5 6.5 5.5 4.5 3.5 2.5 1.5 0.5 0.5 0.5 0.5 0.5 0.5 0.5 0.5 0.5 0.5 1.5 2.5 3.5 4.5 5.5 6.5 7.5 8.5 9.5 10.5 11.5 12.5 13.5 14.5 15.5 16.5 17.5 18.5 19.5 19.5 19.5 19.5 19.5 19.5 19.5 19.5 19.5 19.5 18.5 18.5 18.5 18.5 18.5 18.5 18.5 18.5 18.5 17.5 17.5 17.5 17.5 17.5 17.5 17.5 17.5 17.5 16.5 16.5 16.5 16.5 16.5 16.5 16.5 16.5 16.5 15.5 15.5 15.5 15.5 15.5 15.5 15.5 15.5 15.5 14.5 14.5 14.5 14.5 14.5 14.5 14.5 14.5 14.5 13.5 12.5 11.5 10.5 9.5 8.5 7.5 7.5 8.5 9.5 10.5 11.5 12.5 13.5 13.5 13.5 13.5 13.5 13.5 13.5 13.5 12.5 12.5 12.5 12.5 12.5 12.5 12.5 11.5 10.5 9.5 8.5 7.5
path_y1 15.5 15.5 15.5 15.5 15.5 14.5 13.5 12.5 11.5 10.5 10.5 11.5 12.5 13.5 14.5 14.5 14.5 14.5 14.5 15.5 16.5 17.5 18.5 18.5 18.5 18.5 18.5 18.5 17.5 17.5 17.5 17.5 17.5 16.5 16.5 16.5 16.5 16.5 15.5 15.5 15.5 15.5 15.5 14.5 14.5 14.5 14.5 14.5 13.5 13.5 13.5 13.5 13.5 13.5 13.5 13.5 13.5 12.5 12.5 12.5 12.5 12.5 12.5 12.5 12.5 12.5 11.5 11.5 11.5 11.5 11.5 11.5 11.5 11.5 11.5 10.5 10.5 10.5 10.5 10.5 10.5 10.5 10.5 10.5 10.5 11.5 12.5 13.5 14.5 15.5 16.5 17.5 18.5 19.5 19.5 19.5 19.5 19.5 19.5 19.5 19.5 19.5 19.5 19.5 19.5 19.5 19.5 19.5 19.5 19.5 19.5 19.5 19.5 18.5 17.5 16.5 15.5 14.5 13.5 12.5 11.5 10.5 10.5 11.5 12.5 13.5 14.5 15.5 16.5 17.5 18.5 18.5 17.5 16.5 15.5 14.5 13.5 12.5 11.5 10.5 10.5 11.5 12.5 13.5 14.5 15.5 16.5 17.5 18.5 18.5 17.5 16.5 15.5 14.5 13.5 12.5 11.5 10.5 10.5 11.5 12.5 13.5 14.5 15.5 16.5 17.5 18.5 18.5 18.5 18.5 18.5 18.5 18.5 18.5 17.5 17.5 17.5 17.5 17.5 17.5 17.5 16.5 15.5 14.5 13.5 12.5 11.5 10.5 10.5 11.5 12.5 13.5 14.5 15.5 16.5 16.5 16.5 16.5 16.5 16.5
path_len1 200
sPntx 9 11 13 15 17 19 19 17 19 15 19 17 19 13 17 7 5 3 1 1 11 3 5 7 1 15 3 13 5 11 1 7 9 3 1 15 5 13 7 3 9 17 11 5 15 7 13 9 11 7 7 5 3 1 1 3 1 9 5 1 3 11 1 13 15 17 19 19 9 17 15 11 13 19 5 17 3 15 19 13 9 11 17 19 5 15 7 13 17 3 11 9 15 5 13 7 11 9
sPnty 1 1 1 1 1 1 3 3 5 3 7 5 9 3 7 1 1 1 1 3 3 3 3 3 5 5 5 5 5 5 7 5 5 7 9 7 7 7 7 9 7 9 7 9 9 9 9 9 9 17 19 19 19 19 17 17 15 19 17 13 15 19 11 19 19 19 19 17 17 17 17 17 17 15 15 15 13 15 13 15 15 15 13 11 13 13 13 13 11 11 13 13 11 11 11 11 11 11
tPntx 9 9 11 13 15 17 19 17 19 15 19 17 19 13 17 9 7 5 3 1 9 1 3 5 1 15 1 13 3 11 1 5 7 1 1 15 3 13 5 1 7 17 9 3 15 5 13 7 9 7 7 7 5 3 1 1 1 7 3 1 1 9 1 11 13 15 17 19 7 17 15 9 11 19 3 17 1 15 19 13 7 9 17 19 3 15 5 13 17 1 11 7 15 3 13 5 11 7
tPnty 3 1 1 1 1 1 1 1 3 1 5 3 7 1 5 1 1 1 1 1 3 3 3 3 3 3 5 3 5 3 5 5 5 7 7 5 7 5 7 9 7 7 7 9 7 9 7 9 9 15 17 19 19 19 19 17 17 19 17 15 15 19 13 19 19 19 19 19 17 19 19 17 17 17 15 17 13 17 15 17 15 15 15 13 13 15 13 15 13 11 15 13 13 11 13 11 13 11
makeSpan 200
robNum 2
row0 0 1 0 1 0 1 0 1 0 1 0 1 0 1 0 1 0 1 0 1 2 3 2 3 2 3 2 3 2 3 2 3 2 3 2 3 2 3 2 3 4 5 4 5 4 5 4 5 4 5 4 5 4 5 4 5 4 5 4 5 6 7 6 7 6 7 6 7 6 7 6 7 6 7 6 7 6 7 6 7 8 9 8 9 8 9 8 9 8 9 8 9 8 9 8 9 8 9 8 9 10 11 10 11 10 11 10 11 10 11 10 11 10 11 10 11 10 11 10 11 12 13 12 13 12 13 12 13 12 13 12 13 12 13 12 13 12 13 12 13 14 15 14 15 14 15 14 15 14 15 14 15 14 15 14 15 14 15 14 15 16 17 16 17 16 17 16 17 16 17 16 17 16 17 16 17 16 17 16 17 18 19 18 19 18 19 18 19 18 19 18 19 18 19 18 19 18 19 18 19
col0 0 1 1 0 2 3 3 2 4 5 5 4 6 7 7 6 8 9 9 8 0 1 1 0 2 3 3 2 4 5 5 4 6 7 7 6 8 9 9 8 0 1 1 0 2 3 3 2 4 5 5 4 6 7 7 6 8 9 9 8 0 1 1 0 2 3 3 2 4 5 5 4 6 7 7 6 8 9 9 8 0 1 1 0 2 3 3 2 4 5 5 4 6 7 7 6 8 9 9 8 0 1 1 0 2 3 3 2 4 5 5 4 6 7 7 6 8 9 9 8 0 1 1 0 2 3 3 2 4 5 5 4 6 7 7 6 8 9 9 8 0 1 1 0 2 3 3 2 4 5 5 4 6 7 7 6 8 9 9 8 0 1 1 0 2 3 3 2 4 5 5 4 6 7 7 6 8 9 9 8 0 1 1 0 2 3 3 2 4 5 5 4 6 7 7 6 8 9 9 8
row1 0 1 0 1 0 1 0 1 0 1 0 1 0 1 0 1 0 1 0 1 2 3 2 3 2 3 2 3 2 3 2 3 2 3 2 3 2 3 2 3 4 5 4 5 4 5 4 5 4 5 4 5 4 5 4 5 4 5 4 5 6 7 6 7 6 7 6 7 6 7 6 7 6 7 6 7 6 7 6 7 8 9 8 9 8 9 8 9 8 9 8 9 8 9 8 9 8 9 8 9 10 11 10 11 10 11 10 11 10 11 10 11 10 11 10 11 10 11 10 11 12 13 12 13 12 13 12 13 12 13 12 13 12 13 12 13 12 13 12 13 14 15 14 15 14 15 14 15 14 15 14 15 14 15 14 15 14 15 14 15 16 17 16 17 16 17 16 17 16 17 16 17 16 17 16 17 16 17 16 17 18 19 18 19 18 19 18 19 18 19 18 19 18 19 18 19 18 19 18 19
col1 10 11 11 10 12 13 13 12 14 15 15 14 16 17 17 16 18 19 19 18 10 11 11 10 12 13 13 12 14 15 15 14 16 17 17 16 18 19 19 18 10 11 11 10 12 13 13 12 14 15 15 14 16 17 17 16 18 19 19 18 10 11 11 10 12 13 13 12 14 15 15 14 16 17 17 16 18 19 19 18 10 11 11 10 12 13 13 12 14 15 15 14 16 17 17 16 18 19 19 18 10 11 11 10 12 13 13 12 14 15 15 14 16 17 17 16 18 19 19 18 10 11 11 10 12 13 13 12 14 15 15 14 16 17 17 16 18 19 19 18 10 11 11 10 12 13 13 12 14 15 15 14 16 17 17 16 18 19 19 18 10 11 11 10 12 13 13 12 14 15 15 14 16 17 17 16 18 19 19 18 10 11 11 10 12 13 13 12 14 15 15 14 16 17 17 16 18 19 19 18
