g_sPntx 1 1 1 1 1 1 1 1 1 1 1 3 3 3 3 3 3 3 3 3 3 3 5 5 5 5 5 5 5 5 5 5 7 7 7 7 7 7 7 7 7 7 9 9 9 9 9 9 9 9 9 9 9 11 11 11 11 11 11 11 11 11 11 13 13 13 13 13 13 13 13 13 13 13 15 15 15 15 15 15 15 15 15 15 17 17 17 17 17 17 17 17 17 17 19 19 19 19 19 19 19 19 19 19
g_sPnty 1 3 5 5 7 9 11 13 15 17 19 1 3 5 7 9 9 11 13 15 17 19 1 3 5 7 9 11 13 15 17 19 1 3 5 7 9 11 13 15 17 19 1 3 5 7 9 11 13 15 15 17 19 1 3 5 7 9 11 13 15 17 19 1 3 5 7 9 9 11 13 15 17 19 1 3 5 7 9 11 13 15 17 19 1 3 5 7 9 11 13 15 17 19 1 3 5 7 9 11 13 15 17 19
g_tPntx 1 1 1 1 1 3 3 3 3 3 3 3 1 3 1 3 5 3 3 3 5 5 3 3 5 5 5 3 7 7 5 7 5 5 7 9 5 7 7 9 9 9 7 7 9 9 9 9 7 9 9 9 11 11 9 11 9 13 9 13 13 11 13 13 11 13 11 13 13 15 13 13 15 15 15 13 15 13 15 17 15 17 17 17 17 15 17 15 17 17 17 19 17 19 19 17 19 19 19 19 19 19 19 19
g_tPnty 1 1 3 7 9 9 11 13 15 17 19 3 3 3 7 11 9 13 15 17 17 19 1 3 3 9 11 11 13 15 19 19 1 3 3 7 9 13 15 15 17 19 1 3 3 5 11 13 13 17 13 19 19 3 3 3 7 9 11 13 15 15 19 3 3 3 7 7 11 11 15 17 17 19 3 3 3 7 7 11 11 15 17 19 3 3 3 7 7 9 11 15 15 19 3 3 3 5 7 9 11 13 15 17
STCPntx 1 1 1 1 1 1 1 1 1 1 1 3 3 3 3 3 3 3 3 3 3 3 5 5 5 5 5 5 5 5 5 5 7 7 7 7 7 7 7 7 7 7 9 9 9 9 9 9 9 9 9 9 9 11 11 11 11 11 11 11 11 11 11 13 13 13 13 13 13 13 13 13 13 13 15 15 15 15 15 15 15 15 15 15 17 17 17 17 17 17 17 17 17 17 19 19 19 19 19 19 19 19 19 19
STCPnty 1 3 5 5 7 9 11 13 15 17 19 1 3 5 7 9 9 11 13 15 17 19 1 3 5 7 9 11 13 15 17 19 1 3 5 7 9 11 13 15 17 19 1 3 5 7 9 11 13 15 15 17 19 1 3 5 7 9 11 13 15 17 19 1 3 5 7 9 9 11 13 15 17 19 1 3 5 7 9 11 13 15 17 19 1 3 5 7 9 11 13 15 17 19 1 3 5 7 9 11 13 15 17 19
rob0	set size = 232
rob1	set size = 228
max  = 232 min = 228
allNumSize = 104
sPntx0 7 5 3 3 1 1 1 1 1 1 3 3 5 3 7 5 9 3 7 11 3 13 15 17 19 9 7 5 17 13 7 17 19 15 13 11 5 9 9 1 19 5 15 11 1 9 9 3 3 11 9
sPnty0 5 5 5 7 7 9 11 13 15 17 17 19 19 15 19 17 19 13 17 19 11 19 19 19 19 17 15 13 17 17 13 15 15 15 15 15 11 13 11 19 17 15 17 17 5 15 15 9 9 11 9
tPntx0 9 7 5 3 3 1 1 1 1 1 1 3 3 1 5 3 7 1 5 9 1 11 13 15 17 7 7 3 17 13 5 17 17 17 13 13 3 7 9 3 19 7 15 11 1 7 9 1 3 9 9
tPnty0 5 5 5 5 7 7 9 11 13 15 17 17 19 15 19 17 19 13 17 19 11 19 19 19 19 17 17 13 19 19 13 17 15 15 17 15 11 13 13 19 15 15 19 15 7 15 13 9 7 11 11
sPntx1 17 19 19 19 19 19 19 17 17 17 17 17 15 13 15 11 13 15 15 11 15 9 13 11 7 5 5 3 3 1 1 11 9 7 13 13 7 5 7 9 7 19 13 1 17 13 13 5 15 11 11
sPnty1 1 1 3 5 7 9 11 3 11 5 7 9 3 1 5 1 3 7 9 3 11 3 7 5 3 3 1 1 3 3 1 7 7 7 11 13 9 9 11 1 1 13 5 5 13 9 9 7 13 9 13
tPntx1 15 17 19 19 19 19 19 17 19 17 17 17 15 15 15 13 13 15 15 11 15 11 15 11 9 7 5 5 3 3 1 11 11 9 15 13 7 7 7 9 7 19 15 1 17 13 13 7 15 13 13
tPnty1 1 1 1 3 5 7 9 1 11 3 5 7 1 1 3 1 1 5 7 1 9 3 7 3 3 3 3 1 1 3 3 5 7 7 11 11 7 9 9 3 3 11 5 3 11 7 11 7 11 9 13
path_x0 9.5 8.5 7.5 6.5 5.5 4.5 3.5 2.5 2.5 1.5 2.5 2.5 1.5 0.5 0.5 0.5 0.5 0.5 0.5 0.5 0.5 0.5 0.5 0.5 0.5 1.5 2.5 2.5 1.5 0.5 0.5 1.5 2.5 3.5 4.5 5.5 6.5 7.5 8.5 9.5 10.5 11.5 12.5 13.5 14.5 15.5 16.5 17.5 18.5 19.5 19.5 18.5 17.5 17.5 17.5 17.5 18.5 18.5 18.5 19.5 19.5 19.5 19.5 18.5 17.5 16.5 15.5 14.5 14.5 15.5 16.5 16.5 16.5 16.5 15.5 15.5 15.5 14.5 14.5 14.5 13.5 13.5 13.5 13.5 13.5 12.5 11.5 10.5 9.5 10.5 10.5 10.5 10.5 11.5 11.5 11.5 12.5 12.5 12.5 12.5 11.5 10.5 9.5 8.5 7.5 6.5 5.5 4.5 3.5 3.5 4.5 5.5 6.5 7.5 8.5 9.5 9.5 8.5 8.5 8.5 7.5 7.5 7.5 6.5 5.5 4.5 4.5 5.5 6.5 6.5 5.5 4.5 3.5 2.5 1.5 1.5 2.5 3.5 3.5 2.5 1.5 1.5 2.5 3.5 4.5 5.5 6.5 7.5 8.5 9.5 9.5 9.5 10.5 11.5 11.5 10.5 9.5 9.5 9.5 8.5 8.5 8.5 8.5 8.5 7.5 6.5 5.5 4.5 3.5 2.5 1.5 1.5 2.5 3.5 4.5 5.5 5.5 4.5 3.5 2.5 2.5 2.5 1.5 1.5 1.5 1.5 2.5 3.5 3.5 3.5 3.5 3.5 4.5 5.5 6.5 7.5 8.5 9.5
path_y0 4.5 4.5 4.5 4.5 4.5 4.5 4.5 4.5 5.5 5.5 5.5 6.5 6.5 6.5 7.5 8.5 9.5 10.5 11.5 12.5 13.5 14.5 15.5 16.5 17.5 17.5 17.5 18.5 18.5 18.5 19.5 19.5 19.5 19.5 19.5 19.5 19.5 19.5 19.5 19.5 19.5 19.5 19.5 19.5 19.5 19.5 19.5 19.5 19.5 19.5 18.5 18.5 18.5 17.5 16.5 15.5 15.5 16.5 17.5 17.5 16.5 15.5 14.5 14.5 14.5 14.5 14.5 14.5 15.5 15.5 15.5 16.5 17.5 18.5 18.5 17.5 16.5 16.5 17.5 18.5 18.5 17.5 16.5 15.5 14.5 14.5 14.5 14.5 14.5 14.5 15.5 16.5 17.5 17.5 16.5 15.5 15.5 16.5 17.5 18.5 18.5 18.5 18.5 18.5 18.5 18.5 18.5 18.5 18.5 17.5 17.5 17.5 17.5 17.5 17.5 17.5 16.5 16.5 15.5 16.5 16.5 15.5 14.5 14.5 14.5 14.5 15.5 15.5 15.5 16.5 16.5 16.5 16.5 16.5 16.5 15.5 15.5 15.5 14.5 14.5 14.5 13.5 13.5 13.5 13.5 13.5 13.5 13.5 13.5 13.5 12.5 11.5 11.5 11.5 10.5 10.5 10.5 9.5 8.5 8.5 9.5 10.5 11.5 12.5 12.5 12.5 12.5 12.5 12.5 12.5 12.5 11.5 11.5 11.5 11.5 11.5 10.5 10.5 10.5 10.5 9.5 10.5 10.5 9.5 8.5 7.5 7.5 7.5 8.5 7.5 6.5 5.5 5.5 5.5 5.5 5.5 5.5 5.5
path_len 198
path_x1 15.5 14.5 13.5 12.5 11.5 10.5 10.5 10.5 9.5 9.5 9.5 8.5 8.5 8.5 7.5 7.5 7.5 6.5 6.5 6.5 5.5 5.5 5.5 4.5 3.5 2.5 2.5 2.5 1.5 1.5 1.5 0.5 0.5 0.5 0.5 0.5 0.5 1.5 2.5 3.5 3.5 3.5 4.5 4.5 4.5 5.5 6.5 7.5 8.5 9.5 10.5 10.5 10.5 10.5 9.5 8.5 7.5 6.5 5.5 4.5 4.5 5.5 6.5 6.5 5.5 4.5 4.5 5.5 6.5 6.5 6.5 7.5 7.5 7.5 7.5 7.5 8.5 9.5 10.5 11.5 11.5 11.5 11.5 11.5 11.5 11.5 12.5 12.5 12.5 13.5 13.5 13.5 14.5 14.5 14.5 14.5 13.5 12.5 12.5 13.5 14.5 14.5 13.5 12.5 12.5 12.5 11.5 10.5 10.5 11.5 12.5 13.5 13.5 14.5 14.5 13.5 14.5 14.5 13.5 12.5 12.5 12.5 11.5 10.5 10.5 11.5 12.5 13.5 13.5 13.5 14.5 14.5 14.5 15.5 15.5 15.5 15.5 15.5 15.5 15.5 15.5 15.5 15.5 15.5 15.5 15.5 16.5 16.5 16.5 16.5 16.5 16.5 16.5 16.5 16.5 17.5 17.5 17.5 17.5 17.5 17.5 17.5 17.5 17.5 18.5 18.5 18.5 18.5 18.5 18.5 18.5 18.5 18.5 18.5 17.5 16.5 16.5 16.5 16.5 17.5 17.5 17.5 18.5 18.5 18.5 19.5 19.5 19.5 19.5 19.5 19.5 19.5 19.5 19.5 19.5 19.5 19.5 19.5 19.5 18.5 17.5 16.5
path_y1 0.5 0.5 0.5 0.5 0.5 0.5 1.5 2.5 2.5 1.5 0.5 0.5 1.5 2.5 2.5 1.5 0.5 0.5 1.5 2.5 2.5 1.5 0.5 0.5 0.5 0.5 1.5 2.5 2.5 1.5 0.5 0.5 1.5 2.5 3.5 4.5 3.5 3.5 3.5 3.5 2.5 1.5 1.5 2.5 3.5 3.5 3.5 3.5 3.5 3.5 3.5 4.5 5.5 6.5 6.5 6.5 6.5 6.5 6.5 6.5 7.5 7.5 7.5 8.5 8.5 8.5 9.5 9.5 9.5 10.5 11.5 11.5 10.5 9.5 8.5 7.5 7.5 7.5 7.5 7.5 6.5 5.5 4.5 3.5 2.5 1.5 1.5 2.5 3.5 3.5 2.5 1.5 1.5 2.5 3.5 4.5 4.5 4.5 5.5 5.5 5.5 6.5 6.5 6.5 7.5 8.5 8.5 8.5 9.5 9.5 9.5 9.5 8.5 8.5 9.5 9.5 9.5 10.5 10.5 10.5 11.5 12.5 12.5 12.5 13.5 13.5 13.5 13.5 12.5 11.5 11.5 12.5 13.5 13.5 12.5 11.5 10.5 9.5 8.5 7.5 6.5 5.5 4.5 3.5 2.5 1.5 1.5 2.5 3.5 4.5 5.5 6.5 7.5 8.5 9.5 9.5 8.5 7.5 6.5 5.5 4.5 3.5 2.5 1.5 1.5 2.5 3.5 4.5 5.5 6.5 7.5 8.5 9.5 10.5 10.5 10.5 11.5 12.5 13.5 13.5 12.5 11.5 11.5 12.5 13.5 13.5 12.5 11.5 10.5 9.5 8.5 7.5 6.5 5.5 4.5 3.5 2.5 1.5 0.5 0.5 0.5 0.5
path_len 202
sPntx 7 5 3 3 1 1 1 1 1 1 3 3 5 3 7 5 9 3 7 11 3 13 15 17 19 9 7 5 17 13 7 17 19 15 13 11 5 9 9 1 19 5 15 11 11 9 17 19 19 19 19 19 19 17 17 17 17 17 15 13 15 11 13 15 15 11 15 9 13 11 7 5 5 3 3 1 1 11 9 7 13 13 7 5 7 9 7 19 13 17 13 5 15 11 11
sPnty 5 5 5 7 7 9 11 13 15 17 17 19 19 15 19 17 19 13 17 19 11 19 19 19 19 17 15 13 17 17 13 15 15 15 15 15 11 13 11 19 17 15 17 17 11 9 1 1 3 5 7 9 11 3 11 5 7 9 3 1 5 1 3 7 9 3 11 3 7 5 3 3 1 1 3 3 1 7 7 7 11 13 9 9 11 1 1 13 5 13 9 7 13 9 13
tPntx 9 7 5 3 3 1 1 1 1 1 1 3 3 1 5 3 7 1 5 9 1 11 13 15 17 7 7 3 17 13 5 17 17 17 13 13 3 7 9 3 19 7 15 11 9 9 15 17 19 19 19 19 19 17 19 17 17 17 15 15 15 13 13 15 15 11 15 11 15 11 9 7 5 5 3 3 1 11 11 9 15 13 7 7 7 9 7 19 15 17 13 7 15 13 13
tPnty 5 5 5 5 7 7 9 11 13 15 17 17 19 15 19 17 19 13 17 19 11 19 19 19 19 17 17 13 19 19 13 17 15 15 17 15 11 13 13 19 15 15 19 15 11 11 1 1 1 3 5 7 9 1 11 3 5 7 1 1 3 1 1 5 7 1 9 3 7 3 3 3 3 1 1 3 3 5 7 7 11 11 7 9 9 3 3 11 5 11 7 7 11 9 13
makeSpan 202
robNum 2
row0 1 0 1 0 1 0 1 0 0 0 1 0 1 0 1 0 1 0 1 0 1 1 1 0 2 3 2 3 2 3 2 3 2 3 2 3 2 3 2 3 2 3 2 3 2 3 2 3 2 2 3 2 4 5 4 5 4 4 5 4 4 5 5 5 5 4 5 4 5 4 5 6 7 6 7 6 7 6 7 7 6 7 6 7 6 7 6 7 6 7 8 8 9 9 8 9 8 9 8 9 8 8 9 8 9 8 8 9 8 9 10 10 11 10 11 10 11 10 11 10 11 12 13 12 13 12 13 12 13 12 14 15 15 15 14 14 15 14 15 16 17 16 16 17 16 16 17 16 18 19 18 19 19 19 18 19 18 19
col0 5 6 7 7 6 8 9 9 10 11 10 12 13 13 12 14 15 15 14 16 17 16 19 19 4 5 5 4 6 7 7 6 9 8 10 11 11 10 12 13 13 12 14 15 15 14 16 17 17 18 19 19 4 5 5 4 10 11 10 12 13 12 15 14 17 17 16 18 19 19 18 4 5 5 4 12 13 13 12 15 15 14 16 17 17 16 18 19 19 18 4 5 4 9 9 11 11 10 12 13 13 15 14 16 17 17 18 19 19 18 10 14 15 15 14 16 16 18 19 19 18 14 15 15 17 17 16 18 19 19 14 15 14 17 17 18 19 19 18 14 15 15 16 17 17 18 19 19 14 15 15 14 17 16 18 19 19 18
row1 0 1 0 0 1 0 1 0 2 3 3 2 3 3 4 5 4 5 4 5 4 5 5 5 4 5 4 5 7 6 6 7 6 7 6 6 7 6 6 7 6 6 7 8 8 8 9 8 9 8 9 8 9 10 11 10 11 11 10 11 10 10 11 10 10 11 11 11 10 11 12 13 13 12 13 12 13 13 13 12 13 12 13 12 13 12 12 13 12 13 12 14 15 14 15 14 15 14 15 14 15 14 15 14 15 14 14 15 14 15 14 15 14 15 14 16 17 16 17 16 17 16 17 16 17 16 17 16 17 16 16 17 16 16 17 16 17 17 19 18 19 18 19 18 19 18 19 19 18 19 18 19 18 19 18 19 18 19 18 19 19 19
col1 0 1 1 2 3 3 2 4 0 1 0 2 3 2 0 1 1 0 2 3 3 2 7 6 8 9 9 8 1 1 2 3 3 2 6 7 6 8 9 8 10 11 10 0 1 2 3 3 2 6 7 7 6 0 1 1 0 3 3 2 4 5 4 6 7 6 9 8 12 12 0 1 0 2 3 3 2 5 4 6 7 7 6 8 9 10 11 10 12 13 13 0 1 1 0 2 3 3 2 4 5 5 4 6 7 7 8 9 9 8 10 11 11 10 12 0 1 1 0 2 3 3 2 4 5 5 4 6 7 7 8 9 9 10 11 11 10 12 1 1 0 2 3 3 2 4 5 4 6 7 7 6 8 9 9 8 10 11 11 10 13 12
