g_sPntx 1 1 1 1 1 1 1 1 1 1 1 1 1 1 1 3 3 3 3 3 3 3 3 3 3 3 3 3 3 3 5 5 5 5 5 5 5 5 5 5 5 5 5 5 5 7 7 7 7 7 7 7 7 7 7 7 7 7 7 7 9 9 9 9 9 9 9 9 9 9 9 9 9 9 9 11 11 11 11 11 11 11 11 11 11 11 11 11 11 11 13 13 13 13 13 13 13 13 13 13 13 13 13 13 13 15 15 15 15 15 15 15 15 15 15 15 15 15 15 15 17 17 17 17 17 17 17 17 17 17 17 17 17 17 17 19 19 19 19 19 19 19 19 19 19 19 19 19 19 19 21 21 21 21 21 21 21 21 21 21 21 21 21 21 21 23 23 23 23 23 23 23 23 23 23 23 23 23 23 23 25 25 25 25 25 25 25 25 25 25 25 25 25 25 25 27 27 27 27 27 27 27 27 27 27 27 27 27 27 27 29 29 29 29 29 29 29 29 29 29 29 29 29 29 29
g_sPnty 1 3 5 7 9 11 13 15 17 19 21 23 25 27 29 1 3 5 7 9 11 13 15 17 19 21 23 25 27 29 1 3 5 7 9 11 13 15 17 19 21 23 25 27 29 1 3 5 7 9 11 13 15 17 19 21 23 25 27 29 1 3 5 7 9 11 13 15 17 19 21 23 25 27 29 1 3 5 7 9 11 13 15 17 19 21 23 25 27 29 1 3 5 7 9 11 13 15 17 19 21 23 25 27 29 1 3 5 7 9 11 13 15 17 19 21 23 25 27 29 1 3 5 7 9 11 13 15 17 19 21 23 25 27 29 1 3 5 7 9 11 13 15 17 19 21 23 25 27 29 1 3 5 7 9 11 13 15 17 19 21 23 25 27 29 1 3 5 7 9 11 13 15 17 19 21 23 25 27 29 1 3 5 7 9 11 13 15 17 19 21 23 25 27 29 1 3 5 7 9 11 13 15 17 19 21 23 25 27 29 1 3 5 7 9 11 13 15 17 19 21 23 25 27 29
g_tPntx 1 1 1 3 3 3 3 3 3 3 3 3 3 3 3 1 1 3 5 5 3 3 3 5 5 3 5 3 3 5 3 3 5 5 7 7 7 7 7 7 7 7 7 7 7 5 5 7 9 9 9 7 7 7 7 9 9 9 7 7 7 7 9 9 9 11 11 11 7 11 11 11 11 11 7 9 9 11 11 9 13 13 11 11 13 11 11 13 11 11 11 11 11 13 11 15 15 11 13 15 11 13 15 11 13 13 13 13 15 13 15 17 13 15 17 13 15 17 13 15 15 15 15 17 15 17 19 15 17 19 15 17 17 15 17 17 17 17 19 17 19 21 17 19 21 17 19 17 17 19 19 19 19 21 19 21 23 19 21 21 19 21 19 19 21 21 21 21 23 21 23 25 21 23 21 21 23 21 21 23 23 23 23 25 23 25 27 23 25 23 23 25 23 23 25 25 25 25 27 25 27 27 25 27 25 25 27 25 25 27 27 27 27 29 29 29 29 27 29 29 27 29 29 27 29
g_tPnty 1 1 3 7 9 11 13 15 17 19 21 23 25 27 29 1 3 3 7 9 13 15 17 17 19 23 23 27 29 29 1 3 3 9 9 11 13 15 17 19 21 23 25 27 29 1 3 3 7 9 11 11 13 15 21 21 23 25 25 27 1 3 3 5 7 11 13 15 17 19 21 23 25 27 29 1 3 3 5 9 11 13 13 15 19 19 21 25 25 27 1 3 5 5 9 11 13 15 15 19 21 21 25 27 27 1 3 5 5 9 13 13 15 15 19 21 21 25 27 27 1 3 5 5 9 9 13 15 15 19 21 21 23 27 27 1 3 5 5 9 9 13 15 15 19 21 21 25 27 27 1 3 5 5 9 9 13 15 15 17 21 21 25 27 27 1 3 5 5 9 9 13 15 15 19 21 21 25 27 27 1 3 5 5 9 9 13 15 15 19 21 21 25 27 27 1 3 5 5 9 9 11 15 15 19 21 21 25 27 27 1 3 5 5 7 9 11 15 15 17 21 21 23 27 27
STCPntx 1 1 1 1 1 1 1 1 1 1 1 1 1 1 1 3 3 3 3 3 3 3 3 3 3 3 3 3 3 3 5 5 5 5 5 5 5 5 5 5 5 5 5 5 5 7 7 7 7 7 7 7 7 7 7 7 7 7 7 7 9 9 9 9 9 9 9 9 9 9 9 9 9 9 9 11 11 11 11 11 11 11 11 11 11 11 11 11 11 11 13 13 13 13 13 13 13 13 13 13 13 13 13 13 13 15 15 15 15 15 15 15 15 15 15 15 15 15 15 15 17 17 17 17 17 17 17 17 17 17 17 17 17 17 17 19 19 19 19 19 19 19 19 19 19 19 19 19 19 19 21 21 21 21 21 21 21 21 21 21 21 21 21 21 21 23 23 23 23 23 23 23 23 23 23 23 23 23 23 23 25 25 25 25 25 25 25 25 25 25 25 25 25 25 25 27 27 27 27 27 27 27 27 27 27 27 27 27 27 27 29 29 29 29 29 29 29 29 29 29 29 29 29 29 29
STCPnty 1 3 5 7 9 11 13 15 17 19 21 23 25 27 29 1 3 5 7 9 11 13 15 17 19 21 23 25 27 29 1 3 5 7 9 11 13 15 17 19 21 23 25 27 29 1 3 5 7 9 11 13 15 17 19 21 23 25 27 29 1 3 5 7 9 11 13 15 17 19 21 23 25 27 29 1 3 5 7 9 11 13 15 17 19 21 23 25 27 29 1 3 5 7 9 11 13 15 17 19 21 23 25 27 29 1 3 5 7 9 11 13 15 17 19 21 23 25 27 29 1 3 5 7 9 11 13 15 17 19 21 23 25 27 29 1 3 5 7 9 11 13 15 17 19 21 23 25 27 29 1 3 5 7 9 11 13 15 17 19 21 23 25 27 29 1 3 5 7 9 11 13 15 17 19 21 23 25 27 29 1 3 5 7 9 11 13 15 17 19 21 23 25 27 29 1 3 5 7 9 11 13 15 17 19 21 23 25 27 29 1 3 5 7 9 11 13 15 17 19 21 23 25 27 29
rob0	set size = 270
rob1	set size = 272
rob2	set size = 270
max  = 272 min = 270
allNumSize = 225
sPntx0 25 27 29 21 19 17 15 29 27 25 13 11 11 9 7 5 3 1 1 3 1 5 3 7 5 9 11 13 7 15 17 19 21 23 25 27 29 29 27 25 23 9 11 13 15 17 1 3 5 7 9 1 23 21 19 13 17 15 3 5 7 9 11 13 15 29 29 29 27 27 27 25 25 25 23 23 23 21
sPnty0 1 1 1 1 1 1 1 3 3 3 1 1 3 3 3 3 3 3 5 5 7 5 7 5 7 5 5 5 7 5 5 5 5 5 5 5 5 7 7 7 7 7 7 7 7 7 1 1 1 1 1 9 3 3 3 3 3 3 9 9 9 9 9 9 9 9 11 13 13 11 9 13 11 9 13 11 9 13
tPntx0 23 25 27 23 21 19 17 29 27 25 15 13 11 11 9 7 5 3 1 1 1 3 1 5 3 7 9 11 5 13 15 17 19 21 23 25 27 29 27 25 23 7 9 11 13 15 1 3 5 7 9 1 23 21 19 13 17 15 3 5 7 9 11 13 15 29 29 29 29 27 27 27 25 25 25 23 23 23
tPnty0 1 1 1 1 1 1 1 1 1 1 1 1 1 3 3 3 3 3 3 5 5 5 7 5 7 5 5 5 7 5 5 5 5 5 5 5 5 5 5 5 5 7 7 7 7 7 3 3 3 3 3 7 1 1 1 1 1 1 7 7 7 7 7 7 7 7 9 11 13 13 7 13 13 7 13 13 7 13
sPntx1 1 1 3 3 5 7 9 11 13 15 13 15 17 19 21 23 25 27 29 11 17 17 19 15 19 21 13 21 23 11 23 25 11 25 27 9 27 29 7 29 5 3 1 1 3 5 7 9 11 9 13 7 15 13 5 15 3 17 1 19 21 23 25 27 29 17 19 21 23 25 27 29
sPnty1 21 19 19 23 23 23 23 23 23 23 21 21 21 21 21 21 21 21 21 21 23 25 23 25 25 23 25 25 23 25 25 23 27 25 23 27 25 23 27 25 27 27 27 25 25 25 25 25 29 29 29 29 29 27 29 27 29 27 29 27 27 27 27 27 27 29 29 29 29 29 29 29
tPntx1 1 1 1 1 3 5 7 9 11 13 13 15 15 17 19 21 23 25 27 11 15 17 17 17 17 19 15 19 21 13 21 23 11 23 25 11 25 27 9 27 7 5 3 1 1 3 5 7 11 9 11 7 13 13 5 15 3 15 1 17 19 21 23 25 27 15 17 19 21 23 25 27
tPnty1 23 21 19 23 23 23 23 23 23 23 23 23 21 21 21 21 21 21 21 23 23 23 23 25 25 23 25 25 23 25 25 23 25 25 23 27 25 23 27 25 27 27 27 27 25 25 25 25 27 27 29 27 29 29 27 29 27 27 27 27 27 27 27 27 27 29 29 29 29 29 29 29
sPntx2 17 17 19 21 23 25 27 29 29 29 27 27 25 15 25 23 23 21 21 19 19 17 15 13 11 11 11 13 15 17 19 21 21 21 19 19 17 9 7 5 3 1 1 1 3 3 5 5 7 7 9 9 1 3 5 7 19 9 17 11 15 13 13 13 11 9 9 7 7 5 5 3
sPnty2 17 19 19 19 19 19 19 19 17 15 17 15 17 19 15 17 15 17 15 17 15 15 15 15 15 13 11 11 11 11 11 11 9 7 7 9 9 11 11 11 11 11 13 15 13 15 13 15 13 15 13 15 17 17 17 17 13 17 13 17 13 13 17 19 19 19 21 21 19 21 19 21
tPntx2 15 17 17 19 21 23 25 27 29 29 27 27 25 17 25 23 23 21 21 17 19 17 17 15 13 11 11 11 13 15 17 19 21 21 21 19 17 11 9 7 5 3 1 1 1 1 3 3 5 5 7 7 1 3 5 7 19 9 17 11 15 13 13 15 13 11 9 9 7 7 5 5
tPnty2 17 17 19 19 19 19 19 19 19 17 19 17 19 19 17 19 17 19 17 17 17 17 15 15 15 15 13 11 11 11 11 11 11 9 7 7 11 11 11 11 11 11 11 13 13 15 13 15 13 15 13 15 15 15 15 15 11 15 11 15 11 11 15 19 19 19 19 21 21 21 21 21
path_x0 22.5 23.5 24.5 25.5 26.5 27.5 28.5 29.5 29.5 29.5 28.5 28.5 27.5 27.5 26.5 26.5 25.5 25.5 24.5 24.5 23.5 23.5 22.5 22.5 21.5 21.5 20.5 20.5 19.5 19.5 18.5 18.5 17.5 17.5 16.5 16.5 15.5 15.5 14.5 14.5 13.5 13.5 12.5 12.5 11.5 11.5 11.5 10.5 9.5 8.5 7.5 6.5 5.5 4.5 3.5 2.5 1.5 1.5 2.5 3.5 4.5 5.5 6.5 7.5 8.5 9.5 10.5 11.5 12.5 13.5 14.5 15.5 16.5 17.5 18.5 19.5 20.5 21.5 22.5 23.5 24.5 25.5 26.5 27.5 28.5 29.5 29.5 29.5 29.5 29.5 29.5 29.5 29.5 29.5 28.5 27.5 26.5 25.5 24.5 23.5 22.5 21.5 20.5 21.5 22.5 22.5 22.5 23.5 23.5 23.5 24.5 24.5 24.5 25.5 25.5 25.5 26.5 26.5 26.5 27.5 27.5 27.5 28.5 28.5 28.5 28.5 28.5 28.5 28.5 28.5 27.5 27.5 27.5 27.5 27.5 26.5 26.5 26.5 26.5 26.5 25.5 25.5 25.5 25.5 25.5 24.5 24.5 24.5 24.5 24.5 23.5 23.5 23.5 23.5 23.5 22.5 22.5 22.5 22.5 22.5 21.5 20.5 19.5 18.5 17.5 16.5 15.5 14.5 13.5 12.5 11.5 10.5 9.5 8.5 7.5 6.5 5.5 4.5 3.5 2.5 1.5 1.5 2.5 3.5 4.5 5.5 6.5 7.5 8.5 9.5 10.5 11.5 12.5 13.5 14.5 15.5 16.5 17.5 17.5 16.5 15.5 15.5 14.5 14.5 13.5 13.5 12.5 12.5 11.5 11.5 10.5 10.5 9.5 9.5 8.5 8.5 7.5 7.5 6.5 6.5 5.5 5.5 4.5 4.5 3.5 3.5 2.5 2.5 1.5 1.5 0.5 0.5 0.5 0.5 0.5 0.5 0.5 0.5 1.5 1.5 2.5 2.5 3.5 3.5 4.5 4.5 5.5 5.5 6.5 6.5 7.5 7.5 8.5 8.5 9.5 9.5 10.5 10.5 11.5 12.5 13.5 14.5 14.5 15.5 16.5 17.5 18.5 19.5 20.5 21.5
path_y0 0.5 0.5 0.5 0.5 0.5 0.5 0.5 0.5 1.5 2.5 2.5 1.5 1.5 2.5 2.5 1.5 1.5 2.5 2.5 1.5 1.5 2.5 2.5 1.5 1.5 2.5 2.5 1.5 1.5 2.5 2.5 1.5 1.5 2.5 2.5 1.5 1.5 2.5 2.5 1.5 1.5 2.5 2.5 1.5 1.5 2.5 3.5 3.5 3.5 3.5 3.5 3.5 3.5 3.5 3.5 3.5 3.5 4.5 4.5 4.5 4.5 4.5 4.5 4.5 4.5 4.5 4.5 4.5 4.5 4.5 4.5 4.5 4.5 4.5 4.5 4.5 4.5 4.5 4.5 4.5 4.5 4.5 4.5 4.5 4.5 4.5 5.5 6.5 7.5 8.5 9.5 10.5 11.5 12.5 12.5 12.5 12.5 12.5 12.5 12.5 12.5 12.5 12.5 12.5 12.5 11.5 10.5 10.5 11.5 12.5 12.5 11.5 10.5 10.5 11.5 12.5 12.5 11.5 10.5 10.5 11.5 12.5 12.5 11.5 10.5 9.5 8.5 7.5 6.5 5.5 5.5 6.5 7.5 8.5 9.5 9.5 8.5 7.5 6.5 5.5 5.5 6.5 7.5 8.5 9.5 9.5 8.5 7.5 6.5 5.5 5.5 6.5 7.5 8.5 9.5 9.5 8.5 7.5 6.5 5.5 5.5 5.5 5.5 5.5 5.5 5.5 5.5 5.5 5.5 5.5 5.5 5.5 5.5 5.5 5.5 5.5 5.5 5.5 5.5 5.5 5.5 6.5 6.5 6.5 6.5 6.5 6.5 6.5 6.5 6.5 6.5 6.5 6.5 6.5 6.5 6.5 6.5 6.5 7.5 7.5 7.5 8.5 8.5 7.5 7.5 8.5 8.5 7.5 7.5 8.5 8.5 7.5 7.5 8.5 8.5 7.5 7.5 8.5 8.5 7.5 7.5 8.5 8.5 7.5 7.5 8.5 8.5 7.5 7.5 8.5 8.5 7.5 6.5 5.5 4.5 3.5 2.5 1.5 1.5 2.5 2.5 1.5 1.5 2.5 2.5 1.5 1.5 2.5 2.5 1.5 1.5 2.5 2.5 1.5 1.5 2.5 2.5 1.5 1.5 1.5 1.5 1.5 0.5 0.5 0.5 0.5 0.5 0.5 0.5 0.5
path_len0 270
path_x1 0.5 1.5 2.5 3.5 4.5 5.5 6.5 7.5 8.5 9.5 10.5 11.5 12.5 13.5 14.5 15.5 16.5 16.5 16.5 15.5 14.5 13.5 12.5 11.5 10.5 10.5 10.5 9.5 8.5 7.5 6.5 5.5 4.5 3.5 2.5 1.5 1.5 2.5 3.5 4.5 5.5 6.5 7.5 8.5 9.5 9.5 8.5 7.5 6.5 5.5 4.5 3.5 2.5 1.5 0.5 0.5 0.5 0.5 0.5 1.5 1.5 2.5 2.5 3.5 3.5 4.5 4.5 5.5 5.5 6.5 6.5 7.5 7.5 8.5 8.5 9.5 9.5 10.5 10.5 11.5 12.5 13.5 14.5 15.5 16.5 16.5 17.5 18.5 19.5 20.5 21.5 22.5 23.5 24.5 25.5 26.5 27.5 28.5 29.5 29.5 28.5 27.5 26.5 25.5 24.5 23.5 22.5 21.5 20.5 19.5 18.5 17.5 16.5 15.5 15.5 16.5 17.5 18.5 19.5 20.5 21.5 22.5 23.5 24.5 25.5 26.5 27.5 28.5 29.5 28.5 27.5 26.5 25.5 24.5 23.5 22.5 21.5 20.5 19.5 18.5 17.5 16.5 15.5 14.5 14.5 13.5 13.5 12.5 12.5 11.5 11.5 10.5 10.5 10.5 11.5 12.5 13.5 14.5 15.5 16.5 17.5 18.5 19.5 20.5 21.5 22.5 23.5 24.5 25.5 26.5 27.5 28.5 29.5 29.5 28.5 27.5 26.5 25.5 24.5 23.5 22.5 21.5 20.5 19.5 18.5 17.5 17.5 18.5 19.5 20.5 21.5 22.5 23.5 24.5 25.5 26.5 27.5 28.5 29.5 29.5 28.5 27.5 26.5 25.5 24.5 23.5 22.5 21.5 20.5 19.5 18.5 17.5 16.5 15.5 15.5 16.5 17.5 18.5 19.5 20.5 21.5 22.5 23.5 24.5 25.5 26.5 27.5 28.5 29.5 28.5 27.5 26.5 25.5 24.5 23.5 22.5 21.5 20.5 19.5 18.5 17.5 16.5 15.5 14.5 14.5 13.5 13.5 12.5 12.5 11.5 11.5 10.5 10.5 10.5 10.5 9.5 8.5 7.5 6.5 5.5 4.5 3.5 2.5 1.5 1.5 1.5 1.5 2.5 3.5 3.5 2.5 1.5 0.5 0.5 0.5 0.5
path_y1 22.5 22.5 22.5 22.5 22.5 22.5 22.5 22.5 22.5 22.5 22.5 22.5 22.5 22.5 22.5 22.5 22.5 23.5 24.5 24.5 24.5 24.5 24.5 24.5 24.5 25.5 26.5 26.5 26.5 26.5 26.5 26.5 26.5 26.5 26.5 26.5 25.5 25.5 25.5 25.5 25.5 25.5 25.5 25.5 25.5 24.5 24.5 24.5 24.5 24.5 24.5 24.5 24.5 24.5 24.5 25.5 26.5 27.5 28.5 28.5 27.5 27.5 28.5 28.5 27.5 27.5 28.5 28.5 27.5 27.5 28.5 28.5 27.5 27.5 28.5 28.5 27.5 27.5 28.5 28.5 28.5 28.5 28.5 28.5 28.5 29.5 29.5 29.5 29.5 29.5 29.5 29.5 29.5 29.5 29.5 29.5 29.5 29.5 29.5 28.5 28.5 28.5 28.5 28.5 28.5 28.5 28.5 28.5 28.5 28.5 28.5 28.5 28.5 28.5 27.5 27.5 27.5 27.5 27.5 27.5 27.5 27.5 27.5 27.5 27.5 27.5 27.5 27.5 27.5 27.5 27.5 27.5 27.5 27.5 27.5 27.5 27.5 27.5 27.5 27.5 27.5 27.5 27.5 27.5 28.5 28.5 27.5 27.5 28.5 28.5 27.5 27.5 26.5 25.5 25.5 25.5 25.5 25.5 25.5 25.5 25.5 25.5 25.5 25.5 25.5 25.5 25.5 25.5 25.5 25.5 25.5 25.5 25.5 24.5 24.5 24.5 24.5 24.5 24.5 24.5 24.5 24.5 24.5 24.5 24.5 24.5 23.5 23.5 23.5 23.5 23.5 23.5 23.5 23.5 23.5 23.5 23.5 23.5 23.5 22.5 22.5 22.5 22.5 22.5 22.5 22.5 22.5 22.5 22.5 22.5 22.5 22.5 22.5 22.5 21.5 21.5 21.5 21.5 21.5 21.5 21.5 21.5 21.5 21.5 21.5 21.5 21.5 21.5 21.5 21.5 21.5 21.5 21.5 21.5 21.5 21.5 21.5 21.5 21.5 21.5 21.5 21.5 21.5 21.5 22.5 22.5 21.5 21.5 22.5 22.5 21.5 21.5 20.5 21.5 22.5 22.5 22.5 22.5 22.5 22.5 22.5 22.5 22.5 22.5 21.5 20.5 19.5 19.5 19.5 18.5 18.5 18.5 18.5 19.5 20.5 21.5
path_len1 276
path_x2 15.5 15.5 14.5 15.5 16.5 16.5 15.5 14.5 13.5 13.5 12.5 12.5 11.5 11.5 10.5 10.5 10.5 10.5 10.5 10.5 9.5 8.5 7.5 6.5 5.5 4.5 3.5 2.5 1.5 1.5 2.5 3.5 4.5 5.5 6.5 7.5 8.5 9.5 9.5 8.5 7.5 6.5 5.5 4.5 3.5 2.5 1.5 1.5 2.5 3.5 4.5 5.5 6.5 7.5 8.5 9.5 9.5 9.5 8.5 8.5 7.5 7.5 6.5 6.5 5.5 5.5 4.5 4.5 3.5 3.5 2.5 2.5 1.5 1.5 0.5 0.5 0.5 0.5 0.5 0.5 0.5 1.5 2.5 3.5 4.5 5.5 6.5 7.5 8.5 9.5 10.5 11.5 12.5 13.5 14.5 15.5 16.5 16.5 16.5 17.5 17.5 17.5 18.5 19.5 20.5 20.5 20.5 20.5 19.5 19.5 19.5 18.5 18.5 18.5 18.5 19.5 20.5 21.5 21.5 21.5 21.5 21.5 21.5 20.5 19.5 19.5 18.5 18.5 17.5 17.5 16.5 16.5 15.5 15.5 14.5 14.5 13.5 13.5 12.5 12.5 11.5 11.5 10.5 10.5 10.5 11.5 12.5 13.5 14.5 15.5 16.5 17.5 17.5 17.5 18.5 18.5 18.5 19.5 19.5 19.5 19.5 18.5 17.5 17.5 18.5 19.5 20.5 20.5 20.5 20.5 20.5 21.5 21.5 21.5 21.5 21.5 22.5 22.5 22.5 22.5 22.5 23.5 23.5 23.5 23.5 23.5 24.5 24.5 24.5 24.5 24.5 25.5 25.5 25.5 25.5 25.5 26.5 26.5 26.5 26.5 26.5 27.5 27.5 27.5 27.5 27.5 28.5 28.5 28.5 28.5 28.5 29.5 29.5 29.5 29.5 29.5 29.5 28.5 27.5 26.5 25.5 24.5 23.5 22.5 21.5 20.5 19.5 18.5 17.5 16.5 15.5 14.5 13.5 12.5 11.5 10.5 9.5 9.5 9.5 8.5 7.5 6.5 5.5 4.5 3.5 2.5 2.5 3.5 4.5 4.5 4.5 5.5 5.5 5.5 6.5 6.5 6.5 7.5 7.5 7.5 8.5 8.5 8.5 9.5 10.5 11.5 12.5 13.5 14.5 15.5 16.5
path_y2 17.5 16.5 16.5 16.5 16.5 15.5 15.5 15.5 15.5 16.5 16.5 15.5 15.5 16.5 16.5 15.5 14.5 13.5 12.5 11.5 11.5 11.5 11.5 11.5 11.5 11.5 11.5 11.5 11.5 12.5 12.5 12.5 12.5 12.5 12.5 12.5 12.5 12.5 13.5 13.5 13.5 13.5 13.5 13.5 13.5 13.5 13.5 14.5 14.5 14.5 14.5 14.5 14.5 14.5 14.5 14.5 15.5 16.5 16.5 15.5 15.5 16.5 16.5 15.5 15.5 16.5 16.5 15.5 15.5 16.5 16.5 15.5 15.5 16.5 16.5 15.5 14.5 13.5 12.5 11.5 10.5 10.5 10.5 10.5 10.5 10.5 10.5 10.5 10.5 10.5 10.5 10.5 10.5 10.5 10.5 10.5 10.5 9.5 8.5 8.5 9.5 10.5 10.5 10.5 10.5 9.5 8.5 7.5 7.5 8.5 9.5 9.5 8.5 7.5 6.5 6.5 6.5 6.5 7.5 8.5 9.5 10.5 11.5 11.5 11.5 12.5 12.5 11.5 11.5 12.5 12.5 11.5 11.5 12.5 12.5 11.5 11.5 12.5 12.5 11.5 11.5 12.5 12.5 13.5 14.5 14.5 14.5 14.5 14.5 14.5 14.5 14.5 15.5 16.5 16.5 15.5 14.5 14.5 15.5 16.5 17.5 17.5 17.5 18.5 18.5 18.5 18.5 17.5 16.5 15.5 14.5 14.5 15.5 16.5 17.5 18.5 18.5 17.5 16.5 15.5 14.5 14.5 15.5 16.5 17.5 18.5 18.5 17.5 16.5 15.5 14.5 14.5 15.5 16.5 17.5 18.5 18.5 17.5 16.5 15.5 14.5 14.5 15.5 16.5 17.5 18.5 18.5 17.5 16.5 15.5 14.5 14.5 15.5 16.5 17.5 18.5 19.5 19.5 19.5 19.5 19.5 19.5 19.5 19.5 19.5 19.5 19.5 19.5 19.5 19.5 19.5 19.5 19.5 19.5 19.5 19.5 19.5 20.5 21.5 21.5 21.5 21.5 21.5 21.5 21.5 21.5 20.5 20.5 20.5 19.5 18.5 18.5 19.5 20.5 20.5 19.5 18.5 18.5 19.5 20.5 20.5 19.5 18.5 18.5 18.5 18.5 18.5 18.5 18.5 18.5 18.5
path_len2 271
sPntx 25 27 29 21 19 17 15 29 27 25 13 11 11 9 7 5 3 1 1 3 1 5 3 7 5 9 11 13 7 15 17 19 21 23 25 27 29 29 27 25 23 9 11 13 15 17 1 3 5 7 9 1 23 21 19 13 17 15 3 5 7 9 11 13 15 29 29 29 27 27 27 25 25 25 23 23 23 21 1 1 3 3 5 7 9 11 13 15 13 15 17 19 21 23 25 27 29 11 17 17 19 15 19 21 13 21 23 11 23 25 11 25 27 9 27 29 7 29 5 3 1 1 3 5 7 9 11 9 13 7 15 13 5 15 3 17 1 19 21 23 25 27 29 17 19 21 23 25 27 29 17 17 19 21 23 25 27 29 29 29 27 27 25 15 25 23 23 21 21 19 19 17 15 13 11 11 11 13 15 17 19 21 21 21 19 19 17 9 7 5 3 1 1 1 3 3 5 5 7 7 9 9 1 3 5 7 19 9 17 11 15 13 13 13 11 9 9 7 7 5 5 3
sPnty 1 1 1 1 1 1 1 3 3 3 1 1 3 3 3 3 3 3 5 5 7 5 7 5 7 5 5 5 7 5 5 5 5 5 5 5 5 7 7 7 7 7 7 7 7 7 1 1 1 1 1 9 3 3 3 3 3 3 9 9 9 9 9 9 9 9 11 13 13 11 9 13 11 9 13 11 9 13 21 19 19 23 23 23 23 23 23 23 21 21 21 21 21 21 21 21 21 21 23 25 23 25 25 23 25 25 23 25 25 23 27 25 23 27 25 23 27 25 27 27 27 25 25 25 25 25 29 29 29 29 29 27 29 27 29 27 29 27 27 27 27 27 27 29 29 29 29 29 29 29 17 19 19 19 19 19 19 19 17 15 17 15 17 19 15 17 15 17 15 17 15 15 15 15 15 13 11 11 11 11 11 11 9 7 7 9 9 11 11 11 11 11 13 15 13 15 13 15 13 15 13 15 17 17 17 17 13 17 13 17 13 13 17 19 19 19 21 21 19 21 19 21
tPntx 23 25 27 23 21 19 17 29 27 25 15 13 11 11 9 7 5 3 1 1 1 3 1 5 3 7 9 11 5 13 15 17 19 21 23 25 27 29 27 25 23 7 9 11 13 15 1 3 5 7 9 1 23 21 19 13 17 15 3 5 7 9 11 13 15 29 29 29 29 27 27 27 25 25 25 23 23 23 1 1 1 1 3 5 7 9 11 13 13 15 15 17 19 21 23 25 27 11 15 17 17 17 17 19 15 19 21 13 21 23 11 23 25 11 25 27 9 27 7 5 3 1 1 3 5 7 11 9 11 7 13 13 5 15 3 15 1 17 19 21 23 25 27 15 17 19 21 23 25 27 15 17 17 19 21 23 25 27 29 29 27 27 25 17 25 23 23 21 21 17 19 17 17 15 13 11 11 11 13 15 17 19 21 21 21 19 17 11 9 7 5 3 1 1 1 1 3 3 5 5 7 7 1 3 5 7 19 9 17 11 15 13 13 15 13 11 9 9 7 7 5 5
tPnty 1 1 1 1 1 1 1 1 1 1 1 1 1 3 3 3 3 3 3 5 5 5 7 5 7 5 5 5 7 5 5 5 5 5 5 5 5 5 5 5 5 7 7 7 7 7 3 3 3 3 3 7 1 1 1 1 1 1 7 7 7 7 7 7 7 7 9 11 13 13 7 13 13 7 13 13 7 13 23 21 19 23 23 23 23 23 23 23 23 23 21 21 21 21 21 21 21 23 23 23 23 25 25 23 25 25 23 25 25 23 25 25 23 27 25 23 27 25 27 27 27 27 25 25 25 25 27 27 29 27 29 29 27 29 27 27 27 27 27 27 27 27 27 29 29 29 29 29 29 29 17 17 19 19 19 19 19 19 19 17 19 17 19 19 17 19 17 19 17 17 17 17 15 15 15 15 13 11 11 11 11 11 11 9 7 7 11 11 11 11 11 11 11 13 13 15 13 15 13 15 13 15 15 15 15 15 11 15 11 15 11 11 15 19 19 19 19 21 21 21 21 21
makeSpan 276
robNum 3
row0 1 0 0 1 0 1 0 1 0 1 0 1 0 1 0 1 3 2 2 3 2 3 2 3 2 3 2 3 2 3 2 3 5 4 4 5 4 5 4 5 4 5 4 5 4 5 4 5 7 6 6 7 6 7 6 7 6 7 6 7 6 7 6 7 9 8 8 9 8 9 8 9 8 9 8 9 8 9 8 9 11 10 10 11 10 11 10 11 10 11 10 11 10 11 10 11 13 12 12 13 12 13 12 13 12 13 12 13 12 13 14 15 14 15 14 15 14 15 14 15 14 15 14 15 14 15 16 17 16 17 16 17 16 17 16 17 16 17 16 17 18 19 18 19 18 19 18 19 18 19 20 21 20 21 20 21 20 21 20 21 20 21 22 23 22 23 22 23 22 23 22 23 22 23 22 23 22 23 22 23 22 23 22 23 22 23 24 25 24 25 24 25 24 25 24 25 24 25 24 25 24 25 24 25 24 25 24 25 24 25 26 27 26 27 26 27 26 27 26 27 26 27 26 27 26 27 26 27 26 27 26 27 26 27 28 29 28 29 28 29 28 29 28 29 28 29 28 29 28 29 28 29 28 29 28 29 28 29
col0 1 1 2 3 3 2 4 5 5 4 6 7 7 6 8 8 1 1 2 3 3 2 4 5 5 4 6 7 7 6 8 8 1 1 2 3 3 2 4 5 5 4 6 7 7 6 8 8 1 1 2 3 3 2 4 5 5 4 6 7 7 6 8 8 1 1 2 3 3 2 4 5 5 4 6 7 7 6 8 8 1 1 2 3 3 2 4 5 5 4 6 7 7 6 8 8 1 1 2 2 4 5 5 4 6 7 7 6 8 8 0 1 1 0 2 2 4 5 5 4 6 7 7 6 8 8 0 1 1 0 2 2 4 5 5 4 6 7 7 6 0 1 1 0 2 2 4 5 5 4 0 1 1 0 2 2 4 5 5 4 12 12 0 1 1 0 2 2 4 5 5 4 6 7 7 6 8 9 9 8 10 11 11 10 12 12 0 1 1 0 2 2 4 5 5 4 6 7 7 6 8 9 9 8 10 11 11 10 12 12 0 1 1 0 2 2 4 5 5 4 6 7 7 6 8 9 9 8 10 11 11 10 12 12 0 1 1 0 2 2 4 5 5 4 6 7 7 6 8 9 9 8 10 11 11 10 12 12
row1 0 1 0 1 0 1 0 1 0 1 0 1 0 1 0 1 0 1 0 1 2 3 2 3 2 3 2 3 2 3 2 3 2 3 2 3 4 5 4 5 4 5 4 5 4 5 4 5 6 7 6 7 6 7 6 7 6 7 6 7 8 9 8 9 8 9 8 9 8 9 8 9 10 11 10 10 11 10 11 10 11 10 11 10 10 11 13 12 12 13 12 13 12 13 13 12 12 13 15 14 14 15 14 15 14 15 15 14 14 15 17 16 16 17 16 17 16 17 16 17 17 16 16 17 16 17 19 18 18 19 18 19 18 19 18 19 19 18 18 19 18 19 21 20 20 21 20 21 20 21 20 21 21 20 20 21 20 21 23 22 22 23 22 23 22 23 22 23 23 22 22 23 22 23 25 24 24 25 24 25 24 25 24 25 25 24 24 25 24 25 27 26 26 27 26 27 26 27 26 27 27 26 26 27 26 27 29 28 28 29 28 29 28 29 28 29 29 28 28 29 28 29
col1 18 19 19 18 20 21 21 20 22 22 24 25 25 24 26 27 27 26 28 28 18 19 19 18 22 22 24 25 25 24 26 27 27 26 28 28 22 22 24 25 25 24 26 27 27 26 28 28 22 22 24 25 25 24 26 27 27 26 28 28 22 22 24 25 25 24 26 27 27 26 28 28 20 21 21 22 22 24 25 25 24 26 27 27 28 28 21 21 22 22 24 25 25 24 27 27 28 28 21 21 22 22 24 25 25 24 27 27 28 28 21 21 22 23 23 22 24 25 25 24 27 27 28 29 29 28 21 21 22 23 23 22 24 25 25 24 27 27 28 29 29 28 21 21 22 23 23 22 24 25 25 24 27 27 28 29 29 28 21 21 22 23 23 22 24 25 25 24 27 27 28 29 29 28 21 21 22 23 23 22 24 25 25 24 27 27 28 29 29 28 21 21 22 23 23 22 24 25 25 24 27 27 28 29 29 28 21 21 22 23 23 22 24 25 25 24 27 27 28 29 29 28
row2 0 1 0 1 0 1 0 1 0 1 0 1 0 1 2 3 2 3 2 3 2 3 2 3 2 3 2 3 2 3 2 3 4 5 4 5 4 5 4 5 4 5 4 5 4 5 4 5 4 5 4 5 4 5 6 7 6 7 6 7 6 7 6 7 6 7 6 7 6 7 6 7 6 7 6 7 8 9 8 9 8 9 8 9 8 9 8 9 8 9 8 9 8 9 8 9 8 9 10 11 10 11 10 10 11 10 11 10 11 10 11 10 11 10 11 12 13 12 13 12 13 12 13 12 13 12 13 12 13 12 13 14 15 14 15 14 15 14 15 14 15 14 15 14 15 14 15 16 17 16 17 16 17 16 17 16 17 16 17 16 17 16 17 16 17 16 17 16 17 18 19 18 19 18 19 18 19 18 19 18 19 18 19 18 19 18 19 18 19 18 19 18 19 18 19 20 21 20 21 20 21 20 21 20 21 20 21 20 21 20 21 20 21 20 21 20 21 20 21 22 23 22 23 22 23 22 23 22 23 22 23 24 25 24 25 24 25 24 25 24 25 24 25 26 27 26 27 26 27 26 27 26 27 26 27 28 29 28 29 28 29 28 29 28 29 28 29
col2 10 11 11 10 12 13 13 12 14 15 15 14 16 16 10 11 11 10 12 13 13 12 14 15 15 14 16 16 20 21 21 20 10 11 11 10 12 13 13 12 14 15 15 14 16 16 18 19 19 18 20 21 21 20 10 11 11 10 12 13 13 12 14 15 15 14 16 16 18 19 19 18 20 21 21 20 10 11 11 10 12 13 13 12 14 15 15 14 16 16 18 19 19 18 20 21 21 20 10 11 11 10 12 13 12 14 15 15 14 16 16 18 19 19 18 10 11 11 10 12 12 14 15 15 14 16 16 18 19 19 18 10 11 11 10 12 12 14 15 15 14 16 16 18 19 19 18 8 9 9 8 10 11 11 10 12 12 14 15 15 14 16 17 17 16 18 19 19 18 6 7 7 6 8 9 9 8 10 11 11 10 12 12 14 15 15 14 16 17 17 16 18 19 19 18 6 7 7 6 8 9 9 8 10 11 11 10 14 15 15 14 16 17 17 16 18 19 19 18 14 15 15 14 16 17 17 16 18 19 19 18 14 15 15 14 16 17 17 16 18 19 19 18 14 15 15 14 16 17 17 16 18 19 19 18 14 15 15 14 16 17 17 16 18 19 19 18
