g_sPntx 1 1 1 1 1 1 1 1 1 1 3 3 3 3 3 3 3 3 3 3 5 5 5 5 5 5 5 5 5 5 7 7 7 7 7 7 7 7 7 7 9 9 9 9 9 9 9 9 9 9 11 11 11 11 11 11 11 11 11 11 13 13 13 13 13 13 13 13 13 13 15 15 15 15 15 15 15 15 15 15 17 17 17 17 17 17 17 17 17 17 19 19 19 19 19 19 19 19 19 19
g_sPnty 1 3 5 7 9 11 13 15 17 19 1 3 5 7 9 11 13 15 17 19 1 3 5 7 9 11 13 15 17 19 1 3 5 7 9 11 13 15 17 19 1 3 5 7 9 11 13 15 17 19 1 3 5 7 9 11 13 15 17 19 1 3 5 7 9 11 13 15 17 19 1 3 5 7 9 11 13 15 17 19 1 3 5 7 9 11 13 15 17 19 1 3 5 7 9 11 13 15 17 19
g_tPntx 1 1 1 1 1 1 1 1 1 3 1 1 3 3 3 3 3 1 3 5 5 3 5 7 5 7 5 3 5 7 7 5 7 9 7 9 7 5 7 9 9 7 9 11 9 11 9 7 9 11 11 9 11 13 13 11 11 9 11 11 13 11 13 15 15 15 13 11 13 13 15 13 15 15 15 15 15 13 15 17 17 15 17 19 19 19 19 15 17 17 19 17 19 19 19 19 19 19 19 19
g_tPnty 1 1 3 5 7 9 11 13 15 19 1 3 3 7 9 11 13 15 15 19 1 3 3 7 7 11 13 15 15 19 1 3 3 7 9 11 13 15 15 19 1 3 3 7 9 11 13 15 15 19 1 3 3 7 9 9 13 15 15 17 1 3 3 7 9 11 13 15 15 17 3 3 3 9 11 13 15 15 15 19 3 3 3 7 9 11 13 15 15 17 1 3 3 5 7 9 11 13 15 17
STCPntx 1 1 1 1 1 1 1 1 1 1 3 3 3 3 3 3 3 3 3 3 5 5 5 5 5 5 5 5 5 5 7 7 7 7 7 7 7 7 7 7 9 9 9 9 9 9 9 9 9 9 11 11 11 11 11 11 11 11 11 11 13 13 13 13 13 13 13 13 13 13 15 15 15 15 15 15 15 15 15 15 17 17 17 17 17 17 17 17 17 17 19 19 19 19 19 19 19 19 19 19
STCPnty 1 3 5 7 9 11 13 15 17 19 1 3 5 7 9 11 13 15 17 19 1 3 5 7 9 11 13 15 17 19 1 3 5 7 9 11 13 15 17 19 1 3 5 7 9 11 13 15 17 19 1 3 5 7 9 11 13 15 17 19 1 3 5 7 9 11 13 15 17 19 1 3 5 7 9 11 13 15 17 19 1 3 5 7 9 11 13 15 17 19 1 3 5 7 9 11 13 15 17 19
rob0	set size = 84
rob1	set size = 84
rob2	set size = 84
rob3	set size = 80
max  = 84 min = 80
allNumSize = 83
sPntx0 11 9 7 5 3 1 1 1 1 3 5 7 5 9 3 5 5 7 9 9 7
sPnty0 3 3 3 3 3 3 1 5 7 5 5 5 7 5 1 9 11 11 11 7 7
tPntx0 13 11 9 7 5 3 1 1 1 1 3 5 5 7 1 5 5 5 7 9 7
tPnty0 3 3 3 3 3 3 3 3 5 5 5 5 5 5 1 7 9 11 11 5 5
sPntx1 19 19 17 17 19 17 15 19 17 15 17 15 13 17 11 15 13 11 13 15
sPnty1 3 7 3 1 9 5 3 11 7 5 9 7 5 11 5 9 7 7 9 1
tPntx1 19 19 19 17 19 17 17 19 17 15 17 15 15 17 13 15 13 11 13 15
tPnty1 5 5 3 3 7 3 3 9 5 3 7 5 5 9 5 7 5 5 7 3
sPntx2 17 19 17 19 15 17 19 13 13 15 17 11 9 15 15 13 11 15 11
sPnty2 19 17 17 15 17 15 13 17 19 15 13 17 17 13 11 11 11 19 9
tPntx2 19 19 17 19 17 17 19 15 13 15 17 13 11 15 15 15 13 17 11
tPnty2 19 19 19 17 17 17 15 17 17 17 15 17 17 15 13 11 11 19 11
sPntx3 1 1 1 1 3 3 5 5 7 9 5 7 11 7 9 11 1 3 13
sPnty3 11 13 15 17 17 15 17 19 19 19 15 17 19 15 15 15 19 19 15
tPntx3 1 1 1 1 1 1 3 5 5 7 3 5 9 5 7 9 1 3 11
tPnty3 9 11 13 15 17 15 17 17 19 19 15 17 19 15 15 15 17 17 15
path_x0 12.5 13.5 13.5 12.5 11.5 10.5 9.5 8.5 7.5 6.5 5.5 4.5 3.5 2.5 1.5 1.5 2.5 1.5 1.5 0.5 0.5 0.5 0.5 0.5 0.5 0.5 0.5 1.5 1.5 1.5 2.5 3.5 4.5 4.5 4.5 4.5 4.5 4.5 4.5 5.5 6.5 7.5 8.5 9.5 9.5 8.5 7.5 6.5 5.5 4.5 4.5 4.5 4.5 4.5 5.5 5.5 6.5 6.5 7.5 7.5 8.5 8.5 9.5 9.5 9.5 8.5 7.5 6.5 5.5 4.5 3.5 2.5 1.5 1.5 2.5 3.5 4.5 5.5 6.5 7.5 8.5 9.5 10.5 11.5
path_y0 3.5 3.5 2.5 2.5 2.5 2.5 2.5 2.5 2.5 2.5 2.5 2.5 2.5 2.5 2.5 1.5 1.5 1.5 0.5 0.5 1.5 2.5 3.5 4.5 5.5 6.5 7.5 7.5 6.5 5.5 5.5 5.5 5.5 6.5 7.5 8.5 9.5 10.5 11.5 11.5 11.5 11.5 11.5 11.5 10.5 10.5 10.5 10.5 10.5 10.5 9.5 8.5 7.5 6.5 6.5 5.5 5.5 6.5 6.5 5.5 5.5 6.5 6.5 5.5 4.5 4.5 4.5 4.5 4.5 4.5 4.5 4.5 4.5 3.5 3.5 3.5 3.5 3.5 3.5 3.5 3.5 3.5 3.5 3.5
path_len 84
path_x1 19.5 19.5 19.5 19.5 19.5 19.5 19.5 19.5 18.5 18.5 18.5 18.5 18.5 18.5 18.5 18.5 18.5 17.5 17.5 17.5 17.5 17.5 17.5 17.5 17.5 17.5 16.5 16.5 16.5 16.5 16.5 16.5 16.5 16.5 16.5 15.5 15.5 15.5 15.5 15.5 15.5 15.5 14.5 14.5 14.5 14.5 14.5 13.5 13.5 13.5 13.5 13.5 12.5 12.5 12.5 12.5 12.5 11.5 11.5 11.5 11.5 10.5 10.5 10.5 11.5 12.5 13.5 14.5 14.5 14.5 15.5 15.5 15.5 16.5 16.5 16.5 17.5 17.5 17.5 18.5 19.5 19.5
path_y1 4.5 5.5 6.5 7.5 8.5 9.5 10.5 11.5 11.5 10.5 9.5 8.5 7.5 6.5 5.5 4.5 3.5 3.5 4.5 5.5 6.5 7.5 8.5 9.5 10.5 11.5 11.5 10.5 9.5 8.5 7.5 6.5 5.5 4.5 3.5 3.5 4.5 5.5 6.5 7.5 8.5 9.5 9.5 8.5 7.5 6.5 5.5 5.5 6.5 7.5 8.5 9.5 9.5 8.5 7.5 6.5 5.5 5.5 6.5 7.5 6.5 6.5 5.5 4.5 4.5 4.5 4.5 4.5 3.5 2.5 2.5 1.5 2.5 2.5 1.5 0.5 0.5 1.5 2.5 2.5 2.5 3.5
path_len 82
path_x2 19.5 19.5 18.5 17.5 16.5 15.5 16.5 16.5 16.5 15.5 15.5 14.5 13.5 13.5 13.5 13.5 13.5 12.5 13.5 13.5 13.5 12.5 11.5 11.5 10.5 9.5 8.5 8.5 9.5 10.5 11.5 12.5 13.5 14.5 14.5 14.5 14.5 14.5 14.5 13.5 12.5 11.5 10.5 10.5 11.5 11.5 11.5 11.5 11.5 12.5 13.5 14.5 15.5 15.5 15.5 15.5 15.5 15.5 15.5 16.5 16.5 16.5 16.5 16.5 17.5 17.5 17.5 17.5 17.5 17.5 17.5 18.5 18.5 18.5 18.5 18.5 18.5 18.5 19.5 19.5 19.5 19.5 19.5 19.5
path_y2 18.5 19.5 19.5 19.5 19.5 19.5 19.5 18.5 17.5 17.5 16.5 16.5 16.5 17.5 18.5 19.5 18.5 18.5 18.5 17.5 16.5 16.5 16.5 17.5 17.5 17.5 17.5 16.5 16.5 16.5 16.5 16.5 16.5 16.5 15.5 14.5 13.5 12.5 11.5 11.5 11.5 11.5 11.5 10.5 10.5 9.5 8.5 9.5 10.5 10.5 10.5 10.5 10.5 11.5 12.5 13.5 14.5 15.5 16.5 16.5 15.5 14.5 13.5 12.5 12.5 13.5 14.5 15.5 16.5 17.5 18.5 18.5 17.5 16.5 15.5 14.5 13.5 12.5 12.5 13.5 14.5 15.5 16.5 17.5
path_len 84
path_x3 0.5 0.5 0.5 0.5 0.5 0.5 0.5 0.5 0.5 1.5 1.5 1.5 1.5 2.5 2.5 3.5 3.5 4.5 4.5 4.5 5.5 6.5 7.5 8.5 9.5 10.5 11.5 10.5 10.5 9.5 8.5 7.5 6.5 5.5 5.5 6.5 7.5 7.5 6.5 5.5 4.5 3.5 2.5 1.5 1.5 2.5 3.5 4.5 5.5 6.5 7.5 8.5 9.5 10.5 11.5 12.5 13.5 13.5 12.5 11.5 10.5 9.5 8.5 7.5 6.5 5.5 4.5 3.5 2.5 1.5 1.5 1.5 1.5 1.5 1.5 1.5
path_y3 8.5 9.5 10.5 11.5 12.5 13.5 14.5 15.5 16.5 16.5 17.5 18.5 17.5 17.5 18.5 18.5 17.5 17.5 18.5 19.5 19.5 19.5 19.5 19.5 19.5 19.5 19.5 19.5 18.5 18.5 18.5 18.5 18.5 18.5 17.5 17.5 17.5 16.5 16.5 16.5 16.5 16.5 16.5 16.5 15.5 15.5 15.5 15.5 15.5 15.5 15.5 15.5 15.5 15.5 15.5 15.5 15.5 14.5 14.5 14.5 14.5 14.5 14.5 14.5 14.5 14.5 14.5 14.5 14.5 14.5 13.5 12.5 11.5 10.5 9.5 8.5
path_len 76
sPntx 11 9 7 5 3 1 1 1 1 3 5 7 5 9 3 5 5 7 9 9 7 19 19 17 17 19 17 15 19 17 15 17 15 13 17 11 15 13 11 13 15 17 19 17 19 15 17 19 13 13 15 17 11 9 15 15 13 11 15 11 1 1 1 1 3 3 5 5 7 9 5 7 11 7 9 11 1 3 13
sPnty 3 3 3 3 3 3 1 5 7 5 5 5 7 5 1 9 11 11 11 7 7 3 7 3 1 9 5 3 11 7 5 9 7 5 11 5 9 7 7 9 1 19 17 17 15 17 15 13 17 19 15 13 17 17 13 11 11 11 19 9 11 13 15 17 17 15 17 19 19 19 15 17 19 15 15 15 19 19 15
tPntx 13 11 9 7 5 3 1 1 1 1 3 5 5 7 1 5 5 5 7 9 7 19 19 19 17 19 17 17 19 17 15 17 15 15 17 13 15 13 11 13 15 19 19 17 19 17 17 19 15 13 15 17 13 11 15 15 15 13 17 11 1 1 1 1 1 1 3 5 5 7 3 5 9 5 7 9 1 3 11
tPnty 3 3 3 3 3 3 3 3 5 5 5 5 5 5 1 7 9 11 11 5 5 5 5 3 3 7 3 3 9 5 3 7 5 5 9 5 7 5 5 7 3 19 19 19 17 17 17 15 17 17 17 15 17 17 15 13 11 11 19 11 9 11 13 15 17 15 17 17 19 19 15 17 19 15 15 15 17 17 15
makeSpan 84
robNum 4
row0 0 1 0 1 0 1 0 1 0 1 0 1 0 1 0 1 2 2 3 2 3 2 3 2 3 4 5 4 5 4 5 4 5 4 4 5 4 4 4 5 4 5 6 7 6 7 6 7 6 7 6 7 6 7 6 7 8 9 8 9 8 9 8 9 8 9 8 9 8 9 10 11 10 11 12 13 12 13
col0 0 1 1 0 2 3 3 2 4 5 5 4 6 7 7 6 1 2 3 3 2 4 5 5 4 2 3 3 2 4 5 5 4 6 7 6 8 9 10 11 11 10 2 3 3 2 4 5 5 4 6 6 10 11 11 10 2 3 3 2 4 5 5 4 6 6 10 11 11 10 2 3 3 2 2 3 3 2
row1 10 11 10 11 10 11 11 12 13 12 13 12 13 12 13 12 13 12 13 15 14 15 14 15 14 15 14 15 14 15 14 15 14 15 14 15 16 17 16 17 16 17 16 17 16 17 16 17 16 17 16 17 16 17 16 17 16 17 16 17 18 19 18 19 18 19 18 19 18 19 18 19 18 19 18 19 18 19 18 19
col1 4 5 5 4 6 7 6 4 5 5 4 6 7 7 6 8 9 9 8 1 2 3 3 2 4 5 5 4 6 7 7 6 8 9 9 8 0 1 1 0 2 3 3 2 4 5 5 4 6 7 7 6 8 9 9 8 10 11 11 10 2 3 3 2 4 5 5 4 6 7 7 6 8 9 9 8 10 11 11 10
row2 8 9 8 9 11 11 10 11 10 11 10 11 10 11 12 13 12 13 12 13 13 12 13 13 14 15 14 15 14 15 14 15 14 15 14 15 14 15 15 15 16 17 16 17 16 17 16 17 16 17 16 17 16 17 16 17 18 19 18 19 18 19 18 19 18 19 18 19 18 19 18 19
col2 16 17 17 16 9 8 10 11 11 10 16 17 17 16 10 11 11 10 16 17 16 18 19 18 10 11 11 10 12 13 13 12 14 15 15 14 16 17 16 19 12 13 13 12 14 15 15 14 16 17 17 16 18 19 19 18 12 13 13 12 14 15 15 14 16 17 17 16 18 19 19 18
row3 0 1 0 1 0 1 0 1 0 1 0 1 0 1 0 1 0 1 1 1 2 3 2 3 2 3 2 3 2 3 4 5 4 5 4 5 4 5 4 5 4 5 6 7 6 7 6 7 6 7 6 7 6 7 8 9 8 9 8 9 8 9 10 11 10 11 10 11 10 12 13 12 13
col3 8 9 9 8 10 11 11 10 12 13 13 12 14 15 15 14 16 17 16 18 14 15 15 14 16 17 17 16 18 18 14 15 15 14 16 17 17 16 18 19 19 18 14 15 15 14 16 17 17 16 18 19 19 18 14 15 15 14 18 19 19 18 14 15 15 14 18 19 19 14 15 15 14
