g_sPntx 1 1 1 1 1 1 1 1 1 1 1 1 1 1 1 3 3 3 3 3 3 3 3 3 3 3 3 3 3 3 5 5 5 5 5 5 5 5 5 5 5 5 5 5 5 7 7 7 7 7 7 7 7 7 7 7 7 7 7 7 7 9 9 9 9 9 9 9 9 9 9 9 9 9 9 9 11 11 11 11 11 11 11 11 11 11 11 11 11 11 11 11 13 13 13 13 13 13 13 13 13 13 13 13 13 13 13 13 15 15 15 15 15 15 15 15 15 15 15 15 15 15 15 17 17 17 17 17 17 17 17 17 17 17 17 17 17 17 17 19 19 19 19 19 19 19 19 19 19 19 19 19 19 19 21 21 21 21 21 21 21 21 21 21 21 21 21 21 21 23 23 23 23 23 23 23 23 23 23 23 23 23 23 23 25 25 25 25 25 25 25 25 25 25 25 25 25 25 25 25 27 27 27 27 27 27 27 27 27 27 27 27 27 27 27 29 29 29 29 29 29 29 29 29 29 29 29 29 29 29
g_sPnty 1 3 5 7 9 11 13 15 17 19 21 23 25 27 29 1 3 5 7 9 11 13 15 17 19 21 23 25 27 29 1 3 5 7 9 11 13 15 17 19 21 23 25 27 29 1 3 5 7 9 11 13 15 15 17 19 21 23 25 27 29 1 3 5 7 9 11 13 15 17 19 21 23 25 27 29 1 3 5 7 9 11 13 15 15 17 19 21 23 25 27 29 1 3 5 5 7 9 11 13 15 17 19 21 23 25 27 29 1 3 5 7 9 11 13 15 17 19 21 23 25 27 29 1 3 5 7 9 11 13 15 15 17 19 21 23 25 27 29 1 3 5 7 9 11 13 15 17 19 21 23 25 27 29 1 3 5 7 9 11 13 15 17 19 21 23 25 27 29 1 3 5 7 9 11 13 15 17 19 21 23 25 27 29 1 3 5 7 9 11 13 15 15 17 19 21 23 25 27 29 1 3 5 7 9 11 13 15 17 19 21 23 25 27 29 1 3 5 7 9 11 13 15 17 19 21 23 25 27 29
g_tPntx 1 1 1 3 1 1 1 3 3 3 1 1 3 3 3 1 1 3 5 5 5 5 5 3 3 5 5 3 3 5 3 3 5 5 5 5 7 5 7 5 5 7 7 7 7 5 5 7 7 7 9 9 7 7 7 7 5 9 9 7 7 7 7 7 9 9 9 9 9 7 11 11 11 11 11 11 9 11 9 11 11 9 11 9 13 11 13 11 11 11 11 13 11 13 11 15 13 13 11 13 15 13 13 15 15 15 15 15 13 15 15 13 15 13 15 17 17 17 17 15 15 15 15 15 17 17 15 17 19 17 17 19 17 19 19 15 19 19 19 19 17 19 17 19 21 21 21 19 21 19 19 19 19 21 21 19 21 19 21 21 23 23 23 23 23 23 23 23 23 23 21 23 21 23 25 23 23 23 23 23 23 23 25 25 25 23 25 23 25 27 25 23 27 27 27 27 27 27 27 27 27 25 27 25 27 27 27 27 27 27 27 27 27 27 27 29 27 29 29 29 29 29 29 29 29 29 29 29 29 29
g_tPnty 1 1 7 7 7 9 11 15 17 19 23 25 25 27 29 1 3 3 7 9 11 13 15 15 17 21 23 27 29 29 1 3 3 9 11 13 13 13 17 21 23 23 25 27 29 1 3 3 5 9 11 13 17 13 19 21 21 23 25 25 27 1 3 5 5 11 13 15 17 17 19 21 23 25 27 29 1 1 5 5 11 11 11 15 15 19 19 19 21 27 29 29 1 1 5 5 5 9 11 15 15 15 17 21 23 25 27 29 1 1 7 7 7 11 11 15 17 19 21 21 23 25 27 1 1 3 7 7 11 15 17 15 19 19 21 23 25 27 29 3 3 3 7 7 11 13 15 17 19 19 25 27 29 29 3 3 3 7 7 13 13 15 17 19 21 23 25 27 29 3 3 3 7 7 11 15 17 19 21 23 25 27 27 29 3 3 3 7 7 11 15 15 15 17 19 21 23 25 27 29 3 3 3 7 7 9 11 13 15 17 19 21 23 25 27 3 3 3 5 7 9 11 13 15 17 19 21 23 25 27
STCPntx 1 1 1 1 1 1 1 1 1 1 1 1 1 1 1 3 3 3 3 3 3 3 3 3 3 3 3 3 3 3 5 5 5 5 5 5 5 5 5 5 5 5 5 5 5 7 7 7 7 7 7 7 7 7 7 7 7 7 7 7 7 9 9 9 9 9 9 9 9 9 9 9 9 9 9 9 11 11 11 11 11 11 11 11 11 11 11 11 11 11 11 11 13 13 13 13 13 13 13 13 13 13 13 13 13 13 13 13 15 15 15 15 15 15 15 15 15 15 15 15 15 15 15 17 17 17 17 17 17 17 17 17 17 17 17 17 17 17 17 19 19 19 19 19 19 19 19 19 19 19 19 19 19 19 21 21 21 21 21 21 21 21 21 21 21 21 21 21 21 23 23 23 23 23 23 23 23 23 23 23 23 23 23 23 25 25 25 25 25 25 25 25 25 25 25 25 25 25 25 25 27 27 27 27 27 27 27 27 27 27 27 27 27 27 27 29 29 29 29 29 29 29 29 29 29 29 29 29 29 29
STCPnty 1 3 5 7 9 11 13 15 17 19 21 23 25 27 29 1 3 5 7 9 11 13 15 17 19 21 23 25 27 29 1 3 5 7 9 11 13 15 17 19 21 23 25 27 29 1 3 5 7 9 11 13 15 15 17 19 21 23 25 27 29 1 3 5 7 9 11 13 15 17 19 21 23 25 27 29 1 3 5 7 9 11 13 15 15 17 19 21 23 25 27 29 1 3 5 5 7 9 11 13 15 17 19 21 23 25 27 29 1 3 5 7 9 11 13 15 17 19 21 23 25 27 29 1 3 5 7 9 11 13 15 15 17 19 21 23 25 27 29 1 3 5 7 9 11 13 15 17 19 21 23 25 27 29 1 3 5 7 9 11 13 15 17 19 21 23 25 27 29 1 3 5 7 9 11 13 15 17 19 21 23 25 27 29 1 3 5 7 9 11 13 15 15 17 19 21 23 25 27 29 1 3 5 7 9 11 13 15 17 19 21 23 25 27 29 1 3 5 7 9 11 13 15 17 19 21 23 25 27 29
rob0	set size = 256
rob1	set size = 254
rob2	set size = 254
rob3	set size = 254
max  = 256 min = 254
allNumSize = 227
sPntx0 7 7 5 3 1 1 3 3 1 1 1 1 5 3 1 5 1 3 1 3 5 3 7 5 3 3 5 11 9 5 9 7 7 11 9 7 13 15 9 11 9 15 13 13 15 13 13 15 1 5 13 7 7 11 11 11 11 15
sPnty0 5 3 3 3 3 1 5 7 7 9 11 13 5 9 15 7 17 11 19 13 9 15 7 11 17 19 13 5 7 17 9 13 11 7 11 17 7 7 13 11 15 9 11 13 11 15 17 15 5 15 5 15 15 9 13 15 15 13
tPntx0 9 7 7 5 3 1 3 3 3 1 1 1 3 1 1 3 1 1 1 1 3 1 5 3 1 1 3 9 7 3 9 5 7 9 7 5 11 13 7 9 9 15 11 13 13 13 13 13 1 5 11 7 7 11 11 9 13 15
tPnty0 5 5 3 3 3 3 3 5 7 7 9 11 5 9 13 7 15 11 17 13 9 15 7 11 17 19 13 5 7 17 7 13 13 7 11 17 7 7 13 11 13 7 11 11 11 13 15 15 7 13 5 17 13 7 11 15 15 11
sPntx1 13 11 9 7 5 3 15 17 19 19 21 23 23 25 25 27 29 29 29 27 29 25 27 23 25 23 19 11 13 21 17 23 15 19 21 17 23 19 21 19 21 19 17 19 27 21 17 21 9 25 25 13 17 17 17
sPnty1 1 1 1 1 1 1 3 3 3 1 3 3 1 1 3 3 3 1 5 5 7 5 7 5 7 7 5 3 3 7 5 9 5 7 9 7 11 9 11 11 13 13 13 15 1 1 1 5 3 9 11 5 11 15 9
tPntx1 15 13 11 9 7 5 15 15 17 19 19 21 23 23 23 25 27 29 29 27 29 25 27 23 25 23 19 11 11 23 17 23 15 19 21 17 23 19 21 19 21 19 19 19 29 19 15 19 9 25 23 15 19 17 17
tPnty1 1 1 1 1 1 1 1 3 3 3 3 3 3 1 3 3 3 3 3 3 5 3 5 3 5 5 3 1 3 7 3 7 3 5 7 5 9 7 9 9 11 11 13 13 1 1 1 5 1 7 11 5 11 13 7
sPntx2 15 15 13 11 9 7 5 3 1 1 3 1 3 1 5 9 3 11 7 13 5 3 9 11 5 13 9 7 15 11 17 19 9 7 15 11 17 9 13 9 15 11 17 15 5 7 1 17 7 13 19 13 11 5
sPnty2 27 29 29 29 29 29 29 29 29 27 27 25 25 23 25 27 23 27 25 27 23 21 25 25 21 25 23 21 25 23 25 25 21 19 23 21 23 19 21 17 21 19 21 19 27 27 21 29 23 23 21 19 17 19
tPntx2 17 15 15 13 11 9 7 5 3 1 1 1 1 1 3 9 1 9 5 11 3 3 7 9 3 11 9 5 13 9 15 17 7 7 15 9 15 7 11 9 13 9 15 15 5 5 1 15 7 15 17 11 9 5
tPnty2 27 27 29 29 29 29 29 29 29 29 27 27 25 25 25 29 23 27 25 27 23 23 25 25 21 25 25 21 25 23 25 25 21 21 25 21 23 19 21 19 21 19 21 21 25 27 23 29 25 23 21 19 17 21
sPntx3 29 29 27 27 29 25 29 27 29 25 27 29 25 27 29 23 29 29 25 27 29 23 21 21 19 19 27 27 25 27 23 25 21 27 25 23 21 23 21 23 23 21 23 21 21 19 17 17 15 23 27 25 25 25 17 19
sPnty3 27 29 29 27 23 29 21 25 19 27 23 17 25 21 15 27 13 11 23 19 9 25 27 29 27 29 9 17 21 15 23 19 25 11 17 21 23 19 21 17 15 19 13 17 15 19 19 17 17 29 13 15 15 13 15 23
tPntx3 29 29 29 27 29 27 29 27 29 25 27 29 25 27 29 25 29 29 25 27 29 23 23 21 21 19 29 27 25 27 23 25 21 27 25 23 21 23 21 23 23 21 23 21 21 21 19 17 17 21 29 23 25 23 17 21
tPnty3 25 27 29 29 25 29 23 27 21 29 25 19 27 23 17 27 15 13 25 21 11 27 27 27 27 27 9 19 23 17 25 21 27 9 19 23 25 21 23 19 17 21 15 19 17 19 19 19 17 29 13 15 17 13 17 23
path_x0 9.5 9.5 8.5 7.5 7.5 7.5 7.5 6.5 5.5 4.5 3.5 2.5 1.5 1.5 1.5 1.5 0.5 0.5 1.5 1.5 1.5 2.5 3.5 3.5 3.5 2.5 2.5 2.5 1.5 1.5 1.5 0.5 0.5 0.5 0.5 0.5 0.5 0.5 0.5 0.5 0.5 0.5 0.5 0.5 0.5 1.5 2.5 3.5 3.5 2.5 2.5 1.5 2.5 3.5 4.5 5.5 6.5 7.5 7.5 6.5 6.5 6.5 5.5 4.5 4.5 3.5 2.5 2.5 1.5 1.5 2.5 3.5 3.5 2.5 1.5 1.5 2.5 3.5 4.5 4.5 5.5 5.5 6.5 7.5 7.5 7.5 8.5 9.5 9.5 9.5 8.5 9.5 9.5 10.5 9.5 9.5 8.5 8.5 7.5 7.5 8.5 9.5 10.5 10.5 11.5 11.5 12.5 12.5 12.5 12.5 12.5 11.5 12.5 12.5 12.5 13.5 13.5 13.5 14.5 15.5 15.5 14.5 13.5 13.5 13.5 13.5 14.5 14.5 15.5 15.5 15.5 14.5 13.5 12.5 11.5 10.5 9.5 8.5 7.5 7.5 6.5 6.5 5.5 4.5 3.5 2.5 1.5 1.5 2.5 3.5 4.5 4.5 5.5 4.5 3.5 2.5 1.5 1.5 2.5 3.5 4.5 4.5 5.5 4.5 3.5 3.5 2.5 1.5 1.5 1.5 2.5 3.5 4.5 5.5 6.5 7.5 8.5 8.5 8.5 9.5 8.5 8.5 8.5 9.5 10.5 11.5 11.5 11.5 11.5 11.5 12.5 13.5 13.5 14.5 15.5 15.5 15.5 14.5 14.5 15.5 15.5 15.5 15.5 14.5 13.5 12.5 12.5 12.5 11.5 10.5 9.5 8.5 7.5 6.5 5.5 4.5 3.5 3.5 4.5 5.5 4.5 4.5 3.5 3.5 4.5 5.5 6.5 6.5 7.5 7.5 8.5 9.5 10.5 11.5 11.5
path_y0 4.5 5.5 5.5 5.5 4.5 3.5 2.5 2.5 2.5 2.5 2.5 2.5 2.5 1.5 0.5 1.5 1.5 2.5 2.5 3.5 2.5 2.5 2.5 3.5 4.5 4.5 5.5 6.5 6.5 5.5 6.5 6.5 7.5 8.5 9.5 10.5 11.5 12.5 13.5 14.5 15.5 16.5 17.5 18.5 19.5 19.5 19.5 19.5 18.5 18.5 17.5 17.5 17.5 17.5 17.5 17.5 17.5 17.5 16.5 16.5 15.5 16.5 16.5 16.5 17.5 17.5 17.5 16.5 16.5 15.5 15.5 15.5 14.5 14.5 14.5 13.5 13.5 13.5 13.5 14.5 14.5 13.5 13.5 13.5 14.5 13.5 13.5 13.5 14.5 15.5 15.5 15.5 14.5 14.5 14.5 13.5 13.5 12.5 12.5 11.5 11.5 11.5 11.5 12.5 12.5 11.5 11.5 12.5 13.5 14.5 15.5 15.5 15.5 16.5 17.5 17.5 16.5 15.5 15.5 15.5 14.5 14.5 14.5 13.5 12.5 11.5 11.5 12.5 12.5 11.5 10.5 10.5 10.5 10.5 10.5 10.5 10.5 10.5 10.5 11.5 11.5 12.5 12.5 12.5 12.5 12.5 12.5 11.5 11.5 11.5 11.5 10.5 10.5 10.5 10.5 10.5 10.5 9.5 9.5 9.5 9.5 8.5 8.5 8.5 8.5 9.5 9.5 9.5 8.5 7.5 7.5 7.5 7.5 7.5 7.5 7.5 7.5 8.5 9.5 9.5 9.5 8.5 7.5 7.5 7.5 7.5 8.5 9.5 8.5 7.5 7.5 7.5 6.5 6.5 6.5 7.5 8.5 8.5 9.5 9.5 8.5 7.5 6.5 6.5 6.5 6.5 5.5 6.5 6.5 6.5 6.5 6.5 6.5 6.5 6.5 6.5 6.5 5.5 5.5 5.5 5.5 4.5 4.5 3.5 3.5 3.5 3.5 4.5 4.5 5.5 5.5 5.5 5.5 5.5 4.5
path_len0 235
path_x1 15.5 14.5 13.5 12.5 11.5 10.5 10.5 9.5 8.5 8.5 7.5 6.5 6.5 5.5 4.5 4.5 3.5 2.5 3.5 3.5 4.5 5.5 6.5 7.5 8.5 8.5 9.5 9.5 10.5 11.5 11.5 11.5 10.5 11.5 12.5 12.5 13.5 12.5 11.5 11.5 11.5 12.5 13.5 13.5 14.5 14.5 14.5 14.5 13.5 14.5 14.5 15.5 15.5 15.5 16.5 16.5 16.5 16.5 16.5 16.5 17.5 16.5 16.5 16.5 17.5 16.5 16.5 16.5 17.5 17.5 18.5 18.5 18.5 18.5 18.5 18.5 18.5 18.5 17.5 17.5 18.5 18.5 17.5 17.5 16.5 17.5 17.5 17.5 17.5 18.5 18.5 18.5 19.5 19.5 19.5 19.5 19.5 19.5 19.5 19.5 19.5 18.5 18.5 18.5 19.5 20.5 19.5 19.5 20.5 21.5 22.5 23.5 23.5 23.5 22.5 22.5 21.5 20.5 20.5 20.5 20.5 20.5 20.5 20.5 20.5 20.5 21.5 21.5 20.5 20.5 20.5 21.5 20.5 20.5 20.5 21.5 22.5 22.5 22.5 22.5 23.5 23.5 23.5 24.5 25.5 24.5 23.5 23.5 23.5 23.5 22.5 22.5 22.5 23.5 23.5 23.5 23.5 24.5 24.5 24.5 24.5 24.5 25.5 25.5 25.5 25.5 25.5 25.5 26.5 26.5 26.5 26.5 26.5 27.5 27.5 27.5 27.5 27.5 28.5 28.5 28.5 27.5 27.5 27.5 28.5 29.5 29.5 29.5 29.5 29.5 29.5 29.5 29.5 29.5 28.5 27.5 27.5 27.5 28.5 28.5 27.5 26.5 25.5 24.5 23.5 23.5 24.5 25.5 25.5 24.5 23.5 23.5 22.5 22.5 21.5 20.5 19.5 19.5 20.5 20.5 19.5 19.5 18.5 18.5 17.5 16.5 15.5 15.5 16.5
path_y1 0.5 0.5 0.5 0.5 0.5 0.5 1.5 1.5 1.5 0.5 0.5 0.5 1.5 1.5 1.5 0.5 0.5 0.5 0.5 1.5 1.5 1.5 1.5 1.5 1.5 2.5 2.5 1.5 1.5 1.5 2.5 3.5 3.5 3.5 3.5 2.5 2.5 2.5 2.5 1.5 2.5 2.5 2.5 1.5 1.5 2.5 3.5 4.5 4.5 4.5 5.5 5.5 4.5 3.5 3.5 4.5 5.5 6.5 7.5 8.5 8.5 8.5 7.5 6.5 6.5 6.5 5.5 4.5 4.5 3.5 3.5 4.5 5.5 6.5 7.5 8.5 9.5 10.5 10.5 11.5 11.5 12.5 12.5 13.5 13.5 13.5 14.5 13.5 14.5 14.5 15.5 14.5 14.5 13.5 12.5 11.5 10.5 9.5 8.5 7.5 6.5 6.5 5.5 4.5 4.5 4.5 4.5 3.5 3.5 3.5 3.5 3.5 4.5 5.5 5.5 6.5 6.5 6.5 7.5 8.5 9.5 10.5 11.5 12.5 13.5 12.5 12.5 11.5 11.5 10.5 9.5 9.5 9.5 8.5 7.5 7.5 7.5 8.5 9.5 10.5 10.5 11.5 10.5 10.5 10.5 10.5 10.5 9.5 8.5 7.5 7.5 6.5 5.5 5.5 4.5 3.5 4.5 4.5 5.5 6.5 7.5 8.5 8.5 7.5 6.5 5.5 4.5 3.5 3.5 4.5 5.5 6.5 7.5 7.5 6.5 5.5 4.5 3.5 3.5 4.5 5.5 5.5 6.5 7.5 7.5 7.5 6.5 5.5 4.5 3.5 2.5 1.5 0.5 1.5 1.5 1.5 0.5 1.5 1.5 2.5 2.5 2.5 2.5 2.5 2.5 1.5 1.5 1.5 0.5 0.5 0.5 1.5 1.5 2.5 2.5 2.5 2.5 1.5 1.5 0.5 0.5 1.5 1.5 2.5 2.5 2.5 2.5 1.5 1.5
path_len1 229
path_x2 17.5 17.5 16.5 15.5 14.5 14.5 14.5 15.5 15.5 16.5 17.5 16.5 15.5 14.5 13.5 12.5 11.5 10.5 9.5 8.5 7.5 6.5 5.5 4.5 3.5 2.5 1.5 0.5 0.5 1.5 1.5 1.5 0.5 0.5 0.5 1.5 1.5 1.5 0.5 0.5 1.5 1.5 2.5 2.5 2.5 3.5 4.5 4.5 4.5 5.5 5.5 5.5 5.5 5.5 6.5 7.5 8.5 8.5 8.5 9.5 10.5 10.5 10.5 9.5 10.5 11.5 12.5 12.5 11.5 10.5 9.5 8.5 7.5 7.5 8.5 8.5 9.5 10.5 10.5 10.5 11.5 12.5 12.5 13.5 14.5 14.5 14.5 14.5 15.5 15.5 16.5 17.5 18.5 19.5 18.5 17.5 16.5 16.5 15.5 14.5 13.5 12.5 11.5 10.5 9.5 8.5 7.5 6.5 5.5 4.5 3.5 3.5 3.5 4.5 5.5 5.5 5.5 4.5 3.5 2.5 1.5 1.5 2.5 3.5 4.5 4.5 5.5 6.5 6.5 6.5 7.5 8.5 8.5 8.5 8.5 8.5 9.5 10.5 10.5 10.5 11.5 10.5 9.5 9.5 10.5 10.5 11.5 12.5 12.5 13.5 14.5 14.5 13.5 13.5 14.5 15.5 15.5 16.5 17.5 17.5 17.5 16.5 15.5 15.5 16.5 17.5 18.5 19.5 19.5 18.5 17.5 16.5 15.5 14.5 13.5 12.5 11.5 10.5 9.5 8.5 7.5 6.5 5.5 5.5 6.5 6.5 5.5 5.5 5.5 4.5 3.5 2.5 2.5 1.5 2.5 3.5 2.5 2.5 1.5 1.5 2.5 3.5 4.5 5.5 6.5 7.5 8.5 8.5 8.5 9.5 10.5 10.5 11.5 12.5 12.5 12.5 13.5 12.5 11.5 10.5 9.5 9.5 10.5 10.5 11.5 12.5 12.5 13.5
path_y2 27.5 26.5 26.5 26.5 26.5 27.5 28.5 28.5 29.5 29.5 29.5 29.5 29.5 29.5 29.5 29.5 29.5 29.5 29.5 29.5 29.5 29.5 29.5 29.5 29.5 29.5 29.5 29.5 28.5 28.5 27.5 26.5 26.5 25.5 24.5 24.5 23.5 22.5 22.5 21.5 21.5 22.5 22.5 21.5 20.5 20.5 20.5 19.5 18.5 18.5 19.5 20.5 19.5 18.5 18.5 18.5 18.5 17.5 16.5 16.5 16.5 17.5 18.5 18.5 18.5 18.5 18.5 19.5 19.5 19.5 19.5 19.5 19.5 20.5 20.5 21.5 21.5 21.5 20.5 21.5 21.5 21.5 20.5 20.5 20.5 19.5 18.5 19.5 19.5 20.5 20.5 20.5 20.5 20.5 20.5 20.5 20.5 21.5 21.5 21.5 21.5 21.5 21.5 21.5 21.5 21.5 21.5 21.5 21.5 21.5 21.5 22.5 23.5 23.5 23.5 22.5 23.5 23.5 23.5 23.5 23.5 24.5 24.5 24.5 24.5 25.5 25.5 25.5 24.5 23.5 23.5 23.5 24.5 23.5 22.5 23.5 23.5 23.5 22.5 23.5 23.5 23.5 23.5 24.5 24.5 25.5 25.5 25.5 24.5 24.5 24.5 23.5 23.5 22.5 22.5 22.5 23.5 23.5 23.5 22.5 23.5 23.5 23.5 24.5 24.5 24.5 24.5 24.5 25.5 25.5 25.5 25.5 25.5 25.5 25.5 25.5 25.5 25.5 25.5 25.5 25.5 25.5 25.5 26.5 26.5 27.5 27.5 26.5 25.5 25.5 25.5 25.5 26.5 26.5 26.5 26.5 26.5 27.5 27.5 28.5 28.5 28.5 28.5 28.5 28.5 28.5 28.5 27.5 26.5 26.5 26.5 27.5 27.5 27.5 26.5 27.5 27.5 27.5 27.5 27.5 27.5 28.5 28.5 29.5 29.5 29.5 28.5 28.5
path_len2 228
path_x3 28.5 28.5 28.5 27.5 27.5 27.5 28.5 28.5 28.5 28.5 28.5 28.5 28.5 28.5 27.5 27.5 27.5 28.5 28.5 27.5 27.5 27.5 28.5 27.5 27.5 27.5 26.5 26.5 26.5 27.5 27.5 28.5 29.5 29.5 29.5 29.5 29.5 29.5 29.5 29.5 29.5 29.5 29.5 29.5 29.5 29.5 29.5 29.5 29.5 29.5 29.5 29.5 29.5 29.5 28.5 27.5 26.5 25.5 24.5 24.5 24.5 23.5 22.5 21.5 21.5 21.5 22.5 23.5 22.5 21.5 20.5 20.5 20.5 19.5 19.5 19.5 18.5 18.5 19.5 19.5 19.5 18.5 19.5 20.5 20.5 20.5 20.5 19.5 20.5 20.5 20.5 20.5 20.5 19.5 19.5 18.5 17.5 17.5 16.5 16.5 17.5 17.5 17.5 16.5 15.5 15.5 15.5 14.5 15.5 16.5 16.5 16.5 17.5 17.5 17.5 18.5 19.5 19.5 20.5 21.5 21.5 21.5 20.5 21.5 21.5 21.5 20.5 20.5 21.5 21.5 21.5 21.5 21.5 21.5 21.5 21.5 21.5 21.5 21.5 21.5 21.5 21.5 21.5 22.5 21.5 21.5 21.5 22.5 22.5 22.5 22.5 22.5 22.5 22.5 22.5 22.5 22.5 22.5 22.5 23.5 24.5 24.5 24.5 23.5 23.5 23.5 23.5 23.5 23.5 23.5 23.5 23.5 23.5 23.5 23.5 23.5 23.5 24.5 24.5 24.5 24.5 24.5 24.5 23.5 23.5 23.5 24.5 23.5 23.5 23.5 24.5 24.5 25.5 25.5 25.5 25.5 25.5 25.5 25.5 25.5 25.5 25.5 25.5 25.5 25.5 25.5 25.5 26.5 26.5 26.5 26.5 26.5 26.5 26.5 26.5 26.5 26.5 26.5 25.5 25.5 25.5 26.5 26.5 26.5 27.5 27.5 27.5 27.5 27.5 27.5 27.5 27.5 27.5 27.5 27.5 26.5 26.5 26.5 27.5 27.5 27.5 28.5 28.5 28.5
path_y3 25.5 24.5 23.5 23.5 22.5 21.5 21.5 20.5 19.5 18.5 17.5 16.5 15.5 14.5 14.5 13.5 12.5 12.5 11.5 11.5 10.5 9.5 9.5 9.5 10.5 11.5 11.5 10.5 9.5 9.5 8.5 8.5 8.5 9.5 10.5 11.5 12.5 13.5 14.5 15.5 16.5 17.5 18.5 19.5 20.5 21.5 22.5 23.5 24.5 25.5 26.5 27.5 28.5 29.5 29.5 29.5 29.5 29.5 29.5 28.5 27.5 27.5 27.5 27.5 28.5 29.5 29.5 29.5 29.5 29.5 29.5 28.5 27.5 27.5 28.5 29.5 29.5 28.5 28.5 27.5 26.5 26.5 26.5 26.5 25.5 24.5 23.5 23.5 23.5 22.5 21.5 20.5 19.5 19.5 18.5 18.5 18.5 19.5 19.5 18.5 18.5 17.5 16.5 16.5 16.5 17.5 16.5 16.5 16.5 16.5 15.5 16.5 16.5 17.5 18.5 18.5 18.5 19.5 19.5 19.5 18.5 17.5 17.5 17.5 16.5 15.5 15.5 14.5 14.5 15.5 16.5 17.5 18.5 19.5 20.5 21.5 22.5 23.5 24.5 25.5 26.5 25.5 24.5 24.5 24.5 23.5 22.5 22.5 21.5 20.5 19.5 18.5 17.5 16.5 15.5 14.5 13.5 12.5 13.5 13.5 13.5 14.5 13.5 13.5 14.5 15.5 16.5 17.5 18.5 19.5 20.5 21.5 22.5 23.5 24.5 25.5 26.5 26.5 25.5 24.5 23.5 22.5 21.5 21.5 20.5 19.5 19.5 19.5 18.5 17.5 17.5 16.5 16.5 15.5 16.5 17.5 18.5 19.5 20.5 21.5 22.5 23.5 24.5 25.5 26.5 27.5 28.5 28.5 27.5 26.5 25.5 24.5 23.5 22.5 21.5 20.5 19.5 18.5 18.5 17.5 16.5 16.5 15.5 14.5 14.5 15.5 16.5 17.5 18.5 19.5 20.5 21.5 22.5 23.5 24.5 24.5 25.5 26.5 26.5 27.5 28.5 28.5 27.5 26.5
path_len3 244
sPntx 7 7 5 3 1 1 3 3 1 1 1 1 5 3 1 5 1 3 1 3 5 3 7 5 3 3 5 11 9 5 9 7 7 11 9 7 13 15 9 11 9 15 13 13 15 13 13 15 1 5 11 11 15 13 11 9 7 5 3 15 17 19 19 21 23 23 25 25 27 29 29 29 27 29 25 27 23 25 23 19 11 13 21 17 23 15 19 21 17 23 19 21 19 21 19 17 19 27 21 17 21 9 25 25 17 17 15 15 13 11 9 7 5 3 1 1 3 1 3 1 5 9 3 11 7 13 5 3 9 11 5 13 9 7 15 11 17 19 9 7 15 11 17 9 13 9 15 11 17 15 5 7 1 17 7 13 19 13 11 5 29 29 27 27 29 25 29 27 29 25 27 29 25 27 29 23 29 29 25 27 29 23 21 21 19 19 27 27 25 27 23 25 21 27 25 23 21 23 21 23 23 21 23 21 21 19 17 17 15 23 27 25 19
sPnty 5 3 3 3 3 1 5 7 7 9 11 13 5 9 15 7 17 11 19 13 9 15 7 11 17 19 13 5 7 17 9 13 11 7 11 17 7 7 13 11 15 9 11 13 11 15 17 15 5 15 9 13 13 1 1 1 1 1 1 3 3 3 1 3 3 1 1 3 3 3 1 5 5 7 5 7 5 7 7 5 3 3 7 5 9 5 7 9 7 11 9 11 11 13 13 13 15 1 1 1 5 3 9 11 11 9 27 29 29 29 29 29 29 29 29 27 27 25 25 23 25 27 23 27 25 27 23 21 25 25 21 25 23 21 25 23 25 25 21 19 23 21 23 19 21 17 21 19 21 19 27 27 21 29 23 23 21 19 17 19 27 29 29 27 23 29 21 25 19 27 23 17 25 21 15 27 13 11 23 19 9 25 27 29 27 29 9 17 21 15 23 19 25 11 17 21 23 19 21 17 15 19 13 17 15 19 19 17 17 29 13 13 23
tPntx 9 7 7 5 3 1 3 3 3 1 1 1 3 1 1 3 1 1 1 1 3 1 5 3 1 1 3 9 7 3 9 5 7 9 7 5 11 13 7 9 9 15 11 13 13 13 13 13 1 5 11 11 15 15 13 11 9 7 5 15 15 17 19 19 21 23 23 23 25 27 29 29 27 29 25 27 23 25 23 19 11 11 23 17 23 15 19 21 17 23 19 21 19 21 19 19 19 29 19 15 19 9 25 23 19 17 17 15 15 13 11 9 7 5 3 1 1 1 1 1 3 9 1 9 5 11 3 3 7 9 3 11 9 5 13 9 15 17 7 7 15 9 15 7 11 9 13 9 15 15 5 5 1 15 7 15 17 11 9 5 29 29 29 27 29 27 29 27 29 25 27 29 25 27 29 25 29 29 25 27 29 23 23 21 21 19 29 27 25 27 23 25 21 27 25 23 21 23 21 23 23 21 23 21 21 21 19 17 17 21 29 23 21
tPnty 5 5 3 3 3 3 3 5 7 7 9 11 5 9 13 7 15 11 17 13 9 15 7 11 17 19 13 5 7 17 7 13 13 7 11 17 7 7 13 11 13 7 11 11 11 13 15 15 7 13 7 11 11 1 1 1 1 1 1 1 3 3 3 3 3 3 1 3 3 3 3 3 3 5 3 5 3 5 5 3 1 3 7 3 7 3 5 7 5 9 7 9 9 11 11 13 13 1 1 1 5 1 7 11 11 7 27 27 29 29 29 29 29 29 29 29 27 27 25 25 25 29 23 27 25 27 23 23 25 25 21 25 25 21 25 23 25 25 21 21 25 21 23 19 21 19 21 19 21 21 25 27 23 29 25 23 21 19 17 21 25 27 29 29 25 29 23 27 21 29 25 19 27 23 17 27 15 13 25 21 11 27 27 27 27 27 9 19 23 17 25 21 27 9 19 23 25 21 23 19 17 21 15 19 17 19 19 19 17 29 13 13 23
makeSpan 244
robNum 4
row0 1 0 1 0 1 1 1 0 1 0 1 0 1 0 1 0 1 0 1 0 1 0 1 0 1 0 1 0 1 0 1 0 1 0 2 3 3 2 3 2 3 2 3 2 3 3 2 3 2 3 2 3 2 3 2 3 2 3 2 3 2 3 2 2 3 2 3 4 5 4 5 4 5 4 4 5 4 5 4 4 5 4 4 5 4 5 4 5 4 5 4 5 4 5 6 7 6 7 6 7 7 6 7 6 7 7 6 7 6 7 6 7 6 7 6 7 6 7 9 8 9 8 9 8 9 8 9 8 8 9 8 9 8 9 8 9 8 9 11 10 11 10 11 10 11 11 11 10 11 10 11 10 11 10 11 12 12 13 12 13 12 13 12 13 12 13 12 13 12 13 12 13 12 13 12 13 14 15 15 14 15 14 15 14 15 14 15 14 15 14 15 14 15
col0 1 1 0 2 3 2 5 6 7 7 6 8 9 9 8 10 11 11 10 12 13 13 12 14 15 15 14 16 17 17 16 18 19 19 2 3 2 4 5 5 4 6 7 7 6 9 9 8 10 11 11 10 12 13 13 12 14 15 15 14 16 17 17 18 19 19 18 2 3 3 2 4 5 5 6 7 7 6 8 9 8 10 11 10 12 13 13 12 14 14 16 17 17 16 2 3 3 2 4 5 4 6 7 7 6 11 11 10 12 13 13 12 15 14 16 17 17 16 5 5 4 6 7 7 6 8 9 9 10 11 11 10 12 13 13 15 15 14 5 5 4 6 7 7 6 9 8 10 11 11 10 12 12 14 15 5 6 7 7 6 10 11 11 10 12 13 13 12 14 15 15 14 16 17 17 16 6 7 6 8 9 9 8 10 11 11 10 12 12 14 15 15 14
row1 2 3 3 4 5 4 6 7 6 7 8 9 8 8 9 10 11 10 11 11 10 11 12 13 13 12 12 13 13 14 15 14 15 14 15 14 15 14 15 14 15 16 16 17 16 17 16 16 17 16 16 17 16 17 17 17 17 16 17 17 19 18 19 18 19 18 19 18 18 19 18 19 18 19 18 19 18 19 18 19 18 19 18 19 19 18 18 19 20 20 20 21 20 21 20 20 21 20 21 20 21 20 20 21 20 20 20 21 23 22 23 22 23 22 23 23 22 23 22 23 22 22 23 22 23 22 23 23 24 25 24 25 24 25 25 24 25 24 25 24 25 24 25 24 25 24 25 27 27 26 27 26 27 26 27 26 27 26 27 26 27 29 28 29 28 29 28 29 28 29 28 29 29 28 29
col1 0 1 0 0 1 1 0 1 1 0 0 1 1 2 2 0 1 1 0 3 3 2 0 1 0 2 3 2 4 0 1 1 0 2 3 3 2 4 5 5 4 1 2 3 3 2 4 5 4 6 7 6 8 8 11 10 13 13 12 14 1 1 0 2 3 3 2 4 5 4 6 7 7 6 8 9 9 8 10 11 11 10 12 13 12 14 15 14 0 1 2 3 3 2 4 6 7 7 6 8 9 9 10 11 11 12 13 12 1 1 0 2 3 3 2 5 5 4 6 7 7 8 9 9 8 10 11 10 0 1 1 0 2 3 2 4 5 5 4 6 7 7 6 8 8 10 10 1 0 2 3 3 2 4 5 5 4 6 7 7 6 1 1 0 2 3 3 2 4 5 5 4 7 7 6
row2 1 0 0 1 1 0 0 1 0 1 1 0 1 0 1 2 3 2 3 2 3 2 3 2 3 2 3 2 2 3 2 3 2 3 4 5 4 5 4 5 4 5 5 4 5 4 5 4 5 5 4 5 4 5 6 7 7 7 6 7 7 6 6 7 6 6 6 6 7 6 7 8 8 9 8 9 8 9 8 9 8 8 9 8 8 9 8 9 8 9 8 9 8 9 8 9 10 10 10 11 10 11 10 11 10 10 11 10 10 11 10 10 11 10 10 11 10 12 12 12 13 12 13 13 13 12 13 12 13 12 13 12 12 13 12 13 14 15 14 14 15 14 15 14 15 14 15 14 15 14 15 14 14 15 14 15 14 15 16 16 17 17 16 17 16 17 16 17 16 17 17 17 16 18 19 18 19 18 19
col2 21 21 22 23 22 24 25 24 26 27 26 28 29 29 28 20 21 21 20 22 23 23 22 24 25 25 24 26 27 26 28 29 29 28 18 19 19 18 20 21 21 20 23 23 22 24 25 25 27 26 28 29 29 28 18 19 18 21 21 20 23 23 24 25 25 26 27 28 29 29 28 16 17 16 18 19 19 18 20 21 21 22 23 23 24 25 25 24 26 27 27 26 28 29 29 28 16 17 18 19 19 18 20 21 21 22 23 23 24 25 25 26 27 27 28 29 29 18 19 20 21 21 20 23 22 24 25 25 24 26 27 27 28 29 29 28 18 19 19 20 21 21 20 22 23 23 22 24 25 25 24 26 27 26 28 29 29 28 20 21 20 23 23 22 24 25 25 24 26 27 26 29 29 20 20 24 25 25 24
row3 14 15 15 16 16 17 17 16 17 16 17 18 19 19 19 18 19 19 18 19 18 19 20 21 20 21 21 20 21 21 20 21 20 21 20 21 20 21 20 21 20 21 20 21 20 21 20 21 20 21 20 21 22 23 22 22 23 22 23 22 23 22 23 22 23 22 23 22 23 22 23 22 23 23 22 23 23 23 22 23 23 22 24 24 25 24 25 24 25 25 24 25 25 24 25 24 25 24 25 24 25 24 25 24 25 24 25 24 25 24 25 27 26 27 26 27 26 27 27 27 26 27 26 27 26 27 27 26 27 26 27 26 27 26 27 26 27 26 27 26 26 27 26 27 26 27 26 27 26 27 28 29 28 29 29 28 29 28 29 29 28 29 28 29 28 29 28 29 28 29 28 29 28 29 28 29 29 28 29 28 29 28 29 28 29 28 29 28 29 28 29
col3 16 17 16 15 16 17 16 18 19 19 18 18 19 18 23 26 27 26 28 29 29 28 14 15 15 14 17 17 16 19 19 18 20 21 21 20 22 23 23 22 24 25 25 24 26 27 27 26 28 29 29 28 12 13 13 14 15 15 14 16 17 17 16 18 19 19 18 20 21 21 20 22 23 22 24 25 24 27 27 26 29 29 13 14 15 16 17 17 16 19 19 18 21 21 20 22 23 23 22 24 25 25 24 26 27 27 26 28 29 29 28 9 9 8 10 11 11 10 13 12 14 15 15 14 16 17 16 18 19 19 18 20 21 21 20 22 23 23 22 24 25 24 26 27 27 26 28 29 29 28 8 9 9 8 11 11 10 12 13 12 14 15 15 14 16 17 17 16 18 19 19 18 20 21 21 20 23 23 22 24 25 25 24 26 27 27 26 28 29 29 28
