g_sPntx 1 1 1 1 1 1 1 1 1 1 1 1 1 1 1 3 3 3 3 3 3 3 3 3 3 3 3 3 3 3 5 5 5 5 5 5 5 5 5 5 5 5 5 5 5 7 7 7 7 7 7 7 7 7 7 7 7 7 7 7 9 9 9 9 9 9 9 9 9 9 9 9 9 9 9 11 11 11 11 11 11 11 11 11 11 11 11 11 11 11 13 13 13 13 13 13 13 13 13 13 13 13 13 13 13 15 15 15 15 15 15 15 15 15 15 15 15 15 15 15 17 17 17 17 17 17 17 17 17 17 17 17 17 17 17 19 19 19 19 19 19 19 19 19 19 19 19 19 19 19 21 21 21 21 21 21 21 21 21 21 21 21 21 21 21 23 23 23 23 23 23 23 23 23 23 23 23 23 23 23 25 25 25 25 25 25 25 25 25 25 25 25 25 25 25 27 27 27 27 27 27 27 27 27 27 27 27 27 27 27 29 29 29 29 29 29 29 29 29 29 29 29 29 29 29
g_sPnty 1 3 5 7 9 11 13 15 17 19 21 23 25 27 29 1 3 5 7 9 11 13 15 17 19 21 23 25 27 29 1 3 5 7 9 11 13 15 17 19 21 23 25 27 29 1 3 5 7 9 11 13 15 17 19 21 23 25 27 29 1 3 5 7 9 11 13 15 17 19 21 23 25 27 29 1 3 5 7 9 11 13 15 17 19 21 23 25 27 29 1 3 5 7 9 11 13 15 17 19 21 23 25 27 29 1 3 5 7 9 11 13 15 17 19 21 23 25 27 29 1 3 5 7 9 11 13 15 17 19 21 23 25 27 29 1 3 5 7 9 11 13 15 17 19 21 23 25 27 29 1 3 5 7 9 11 13 15 17 19 21 23 25 27 29 1 3 5 7 9 11 13 15 17 19 21 23 25 27 29 1 3 5 7 9 11 13 15 17 19 21 23 25 27 29 1 3 5 7 9 11 13 15 17 19 21 23 25 27 29 1 3 5 7 9 11 13 15 17 19 21 23 25 27 29
g_tPntx 1 1 1 3 3 3 3 3 3 3 3 3 3 3 3 1 1 3 5 3 3 3 3 3 3 3 3 3 3 5 3 3 5 7 7 7 7 7 7 7 7 7 7 7 7 5 5 7 7 7 7 7 7 7 7 7 7 7 9 9 7 7 9 11 11 11 11 11 11 11 11 11 11 11 11 9 9 11 13 11 11 11 11 11 11 11 11 11 11 13 11 11 13 15 15 15 15 15 15 15 15 15 15 15 15 13 13 15 17 17 15 15 15 15 15 15 15 15 15 15 15 15 17 19 19 19 19 19 19 19 19 19 19 19 19 17 17 19 21 19 19 19 19 19 19 19 19 19 19 21 19 19 21 23 23 23 23 23 23 23 23 23 23 23 23 21 21 23 23 23 23 23 23 23 23 23 23 23 25 25 23 23 25 27 27 27 27 27 27 27 27 27 27 27 27 25 25 27 27 27 27 27 27 27 27 27 27 27 27 27 27 27 29 29 29 29 29 29 29 29 29 29 29 29 29
g_tPnty 1 1 3 7 9 11 13 15 17 19 21 23 25 27 29 1 3 3 7 11 13 15 17 19 21 23 25 27 29 29 1 3 3 7 9 11 13 15 17 19 21 23 25 27 29 1 3 3 9 11 13 15 17 19 21 23 25 27 27 29 1 3 3 7 9 11 13 15 17 19 21 23 25 27 29 1 3 3 7 7 9 11 13 15 17 19 21 23 25 29 1 3 3 7 9 11 13 15 17 19 21 23 25 27 29 1 3 3 7 9 9 11 13 15 17 19 21 23 25 27 1 3 3 7 9 11 13 15 17 19 21 23 25 27 29 1 3 3 7 11 13 15 17 19 21 23 25 27 29 29 1 3 3 7 9 11 13 15 17 19 21 23 25 27 29 1 3 3 9 11 13 15 17 19 21 23 25 27 27 29 1 3 3 7 9 11 13 15 17 19 21 23 25 27 29 1 3 3 5 7 9 11 13 15 17 19 21 23 25 27 1 3 3 5 7 9 11 13 15 17 19 21 23 25 27
STCPntx 1 1 1 1 1 1 1 1 1 1 1 1 1 1 1 3 3 3 3 3 3 3 3 3 3 3 3 3 3 3 5 5 5 5 5 5 5 5 5 5 5 5 5 5 5 7 7 7 7 7 7 7 7 7 7 7 7 7 7 7 9 9 9 9 9 9 9 9 9 9 9 9 9 9 9 11 11 11 11 11 11 11 11 11 11 11 11 11 11 11 13 13 13 13 13 13 13 13 13 13 13 13 13 13 13 15 15 15 15 15 15 15 15 15 15 15 15 15 15 15 17 17 17 17 17 17 17 17 17 17 17 17 17 17 17 19 19 19 19 19 19 19 19 19 19 19 19 19 19 19 21 21 21 21 21 21 21 21 21 21 21 21 21 21 21 23 23 23 23 23 23 23 23 23 23 23 23 23 23 23 25 25 25 25 25 25 25 25 25 25 25 25 25 25 25 27 27 27 27 27 27 27 27 27 27 27 27 27 27 27 29 29 29 29 29 29 29 29 29 29 29 29 29 29 29
STCPnty 1 3 5 7 9 11 13 15 17 19 21 23 25 27 29 1 3 5 7 9 11 13 15 17 19 21 23 25 27 29 1 3 5 7 9 11 13 15 17 19 21 23 25 27 29 1 3 5 7 9 11 13 15 17 19 21 23 25 27 29 1 3 5 7 9 11 13 15 17 19 21 23 25 27 29 1 3 5 7 9 11 13 15 17 19 21 23 25 27 29 1 3 5 7 9 11 13 15 17 19 21 23 25 27 29 1 3 5 7 9 11 13 15 17 19 21 23 25 27 29 1 3 5 7 9 11 13 15 17 19 21 23 25 27 29 1 3 5 7 9 11 13 15 17 19 21 23 25 27 29 1 3 5 7 9 11 13 15 17 19 21 23 25 27 29 1 3 5 7 9 11 13 15 17 19 21 23 25 27 29 1 3 5 7 9 11 13 15 17 19 21 23 25 27 29 1 3 5 7 9 11 13 15 17 19 21 23 25 27 29 1 3 5 7 9 11 13 15 17 19 21 23 25 27 29
rob0	set size = 228
rob1	set size = 224
rob2	set size = 224
rob3	set size = 224
max  = 228 min = 224
allNumSize = 225
sPntx0 9 9 7 5 3 1 1 3 1 5 3 1 7 11 5 1 3 13 1 7 3 5 15 11 1 17 3 7 5 13 11 3 15 5 9 7 13 5 11 7 15 9 13 7 11 9 15 13 9 11 15 13 11 11 13 15
sPnty0 27 29 29 29 29 29 27 27 25 27 25 23 27 29 25 21 23 29 19 25 21 23 29 27 17 29 19 23 21 27 25 17 27 19 23 21 25 17 23 19 25 21 23 17 21 19 23 21 17 19 21 19 17 15 17 17
tPntx0 9 9 9 7 5 3 1 1 1 3 1 1 5 9 3 1 1 11 1 5 1 3 13 9 1 15 1 5 3 11 9 1 13 3 7 5 11 3 9 5 13 7 11 5 9 7 13 11 7 9 13 11 9 11 11 13
tPnty0 25 27 29 29 29 29 29 27 27 27 25 25 27 29 25 23 23 29 21 25 21 23 29 27 19 29 19 23 21 27 25 17 27 19 23 21 25 17 23 19 25 21 23 17 21 19 23 21 17 19 21 19 17 17 17 17
sPntx1 3 1 1 1 3 5 3 1 7 5 1 9 5 7 1 11 3 1 9 5 7 13 1 3 11 5 15 9 7 3 13 5 3 11 7 9 5 13 7 11 5 9 7 13 9 11 7 9 13 11 9 11 13 13 13
sPnty1 5 5 3 1 1 1 3 7 1 3 9 1 5 3 11 1 9 13 3 7 5 1 15 11 3 9 1 5 7 13 3 11 15 5 9 7 13 5 11 7 15 9 13 7 11 9 15 13 9 11 15 13 11 13 15
tPntx1 3 3 1 1 1 3 1 1 5 3 1 7 3 5 1 9 1 1 7 3 5 11 1 1 9 3 13 7 5 1 11 3 1 9 5 7 3 11 5 9 3 7 5 11 7 9 5 7 11 9 7 9 11 11 13
tPnty1 7 5 5 3 1 1 3 5 1 3 7 1 5 3 9 1 9 11 3 7 5 1 13 11 3 9 1 5 7 13 3 11 15 5 9 7 13 5 11 7 15 9 13 7 11 9 15 13 9 11 15 13 11 13 13
sPntx2 25 27 29 29 29 29 29 29 29 29 27 27 25 27 25 23 27 21 25 23 27 19 25 21 23 27 29 25 19 23 21 27 17 25 19 23 21 25 17 23 19 21 23 17 21 19 21 17 19 21 19 17 15 17 17
sPnty2 15 15 15 17 19 21 23 25 27 29 29 27 29 25 27 29 23 29 25 27 21 29 23 27 25 19 13 21 27 23 25 17 27 19 25 21 23 17 25 19 23 21 17 23 19 21 17 21 19 15 17 19 19 17 15
tPntx2 23 25 27 29 29 29 29 29 29 29 29 27 27 27 25 25 27 23 25 23 27 21 25 21 23 27 29 25 19 23 21 27 19 25 19 23 21 25 17 23 19 21 23 17 21 19 21 17 19 21 19 17 17 17 17
tPnty2 15 15 15 15 17 19 21 23 25 27 29 29 29 27 29 29 25 29 27 29 23 29 25 29 27 21 15 23 29 25 27 15 27 21 27 23 25 15 27 21 25 23 15 25 21 23 19 23 21 17 19 21 19 19 17
sPntx3 17 17 17 17 17 19 21 23 25 27 29 29 29 27 29 25 27 29 23 27 25 29 21 27 23 25 19 27 21 25 23 27 19 15 25 21 23 25 19 23 15 21 23 19 21 15 21 19 15 19 15 19 17 15 15
sPnty3 9 7 5 3 1 1 1 1 1 1 1 3 5 3 7 3 5 9 3 7 5 11 3 9 5 7 3 11 5 9 7 13 5 3 11 7 9 13 7 11 5 9 13 9 11 7 13 11 9 13 11 15 13 13 15
tPntx3 17 17 17 17 17 17 19 21 23 25 27 29 29 27 29 25 27 29 23 27 25 29 21 27 23 25 17 27 21 25 23 27 17 17 25 21 23 25 17 23 15 21 23 17 21 15 21 17 15 19 15 19 17 15 15
tPnty3 11 9 7 5 3 1 1 1 1 1 1 1 3 1 5 1 3 7 1 5 3 9 1 7 3 5 3 9 3 7 5 11 5 3 9 5 7 11 7 9 3 7 11 9 9 5 11 11 7 11 9 13 11 11 13
path_x0 8.5 8.5 8.5 8.5 8.5 7.5 6.5 5.5 4.5 3.5 2.5 1.5 1.5 2.5 3.5 4.5 5.5 6.5 7.5 7.5 6.5 5.5 4.5 3.5 2.5 1.5 1.5 2.5 3.5 4.5 5.5 6.5 7.5 7.5 6.5 5.5 4.5 3.5 2.5 1.5 1.5 2.5 3.5 4.5 5.5 6.5 7.5 8.5 9.5 10.5 11.5 12.5 13.5 14.5 15.5 15.5 14.5 13.5 12.5 11.5 10.5 9.5 8.5 7.5 6.5 5.5 4.5 3.5 2.5 1.5 1.5 2.5 3.5 4.5 5.5 6.5 7.5 8.5 9.5 10.5 11.5 12.5 13.5 14.5 15.5 15.5 14.5 13.5 12.5 11.5 10.5 9.5 8.5 7.5 6.5 5.5 4.5 3.5 2.5 1.5 1.5 2.5 3.5 4.5 5.5 6.5 7.5 8.5 9.5 10.5 11.5 12.5 13.5 13.5 12.5 11.5 10.5 9.5 8.5 7.5 6.5 5.5 4.5 3.5 2.5 1.5 1.5 2.5 3.5 4.5 5.5 6.5 7.5 8.5 9.5 10.5 11.5 12.5 13.5 14.5 15.5 15.5 14.5 13.5 12.5 11.5 11.5 11.5 10.5 10.5 10.5 9.5 8.5 7.5 6.5 5.5 4.5 3.5 2.5 1.5 0.5 0.5 0.5 0.5 0.5 0.5 0.5 0.5 0.5 0.5 0.5 0.5 0.5 0.5 1.5 2.5 3.5 4.5 5.5 6.5 7.5 8.5 9.5 10.5 11.5 12.5 13.5 14.5 15.5 16.5 17.5 17.5 16.5 15.5 14.5 13.5 12.5 11.5 10.5 9.5 9.5 10.5 11.5 12.5 13.5 14.5 15.5 15.5 14.5 13.5 12.5 11.5 10.5 9.5 9.5 10.5 11.5 12.5 13.5 14.5 15.5 15.5 14.5 13.5 12.5 11.5 10.5 9.5
path_y0 24.5 25.5 26.5 27.5 28.5 28.5 28.5 28.5 28.5 28.5 28.5 28.5 27.5 27.5 27.5 27.5 27.5 27.5 27.5 26.5 26.5 26.5 26.5 26.5 26.5 26.5 25.5 25.5 25.5 25.5 25.5 25.5 25.5 24.5 24.5 24.5 24.5 24.5 24.5 24.5 23.5 23.5 23.5 23.5 23.5 23.5 23.5 23.5 23.5 23.5 23.5 23.5 23.5 23.5 23.5 22.5 22.5 22.5 22.5 22.5 22.5 22.5 22.5 22.5 22.5 22.5 22.5 22.5 22.5 22.5 21.5 21.5 21.5 21.5 21.5 21.5 21.5 21.5 21.5 21.5 21.5 21.5 21.5 21.5 21.5 20.5 20.5 20.5 20.5 20.5 20.5 20.5 20.5 20.5 20.5 20.5 20.5 20.5 20.5 20.5 19.5 19.5 19.5 19.5 19.5 19.5 19.5 19.5 19.5 19.5 19.5 19.5 19.5 18.5 18.5 18.5 18.5 18.5 18.5 18.5 18.5 18.5 18.5 18.5 18.5 18.5 17.5 17.5 17.5 17.5 17.5 17.5 17.5 17.5 17.5 17.5 17.5 17.5 17.5 17.5 17.5 16.5 16.5 16.5 16.5 16.5 15.5 14.5 14.5 15.5 16.5 16.5 16.5 16.5 16.5 16.5 16.5 16.5 16.5 16.5 16.5 17.5 18.5 19.5 20.5 21.5 22.5 23.5 24.5 25.5 26.5 27.5 28.5 29.5 29.5 29.5 29.5 29.5 29.5 29.5 29.5 29.5 29.5 29.5 29.5 29.5 29.5 29.5 29.5 29.5 29.5 28.5 28.5 28.5 28.5 28.5 28.5 28.5 28.5 28.5 27.5 27.5 27.5 27.5 27.5 27.5 27.5 26.5 26.5 26.5 26.5 26.5 26.5 26.5 25.5 25.5 25.5 25.5 25.5 25.5 25.5 24.5 24.5 24.5 24.5 24.5 24.5 24.5
path_len0 228
path_x1 3.5 2.5 2.5 2.5 1.5 1.5 1.5 1.5 2.5 3.5 4.5 5.5 6.5 7.5 8.5 9.5 10.5 11.5 12.5 13.5 13.5 12.5 11.5 10.5 9.5 8.5 7.5 6.5 5.5 4.5 3.5 2.5 1.5 1.5 2.5 3.5 4.5 5.5 6.5 7.5 8.5 9.5 10.5 11.5 12.5 13.5 13.5 12.5 11.5 10.5 9.5 8.5 7.5 6.5 5.5 4.5 3.5 2.5 1.5 1.5 2.5 3.5 4.5 5.5 6.5 7.5 8.5 9.5 10.5 11.5 12.5 13.5 13.5 13.5 13.5 12.5 12.5 12.5 11.5 10.5 9.5 8.5 7.5 6.5 5.5 4.5 3.5 2.5 1.5 1.5 2.5 3.5 4.5 5.5 6.5 7.5 8.5 9.5 9.5 8.5 7.5 6.5 5.5 4.5 3.5 2.5 1.5 0.5 0.5 0.5 0.5 0.5 0.5 0.5 0.5 0.5 0.5 0.5 0.5 0.5 0.5 0.5 0.5 1.5 2.5 3.5 4.5 5.5 6.5 7.5 8.5 9.5 10.5 11.5 12.5 13.5 14.5 15.5 15.5 14.5 13.5 12.5 11.5 10.5 9.5 8.5 7.5 6.5 5.5 4.5 3.5 2.5 1.5 1.5 2.5 3.5 4.5 5.5 6.5 7.5 8.5 9.5 10.5 11.5 12.5 13.5 13.5 12.5 11.5 10.5 9.5 8.5 7.5 6.5 5.5 4.5 3.5 2.5 1.5 1.5 2.5 3.5 4.5 5.5 6.5 7.5 8.5 9.5 10.5 11.5 12.5 13.5 13.5 12.5 11.5 10.5 9.5 8.5 7.5 6.5 5.5 4.5 3.5 3.5 4.5 5.5 6.5 7.5 8.5 9.5 10.5 11.5 12.5 13.5 13.5 12.5 11.5 10.5 9.5 8.5 7.5 6.5 5.5 4.5
path_y1 7.5 7.5 6.5 5.5 5.5 6.5 7.5 8.5 8.5 8.5 8.5 8.5 8.5 8.5 8.5 8.5 8.5 8.5 8.5 8.5 9.5 9.5 9.5 9.5 9.5 9.5 9.5 9.5 9.5 9.5 9.5 9.5 9.5 10.5 10.5 10.5 10.5 10.5 10.5 10.5 10.5 10.5 10.5 10.5 10.5 10.5 11.5 11.5 11.5 11.5 11.5 11.5 11.5 11.5 11.5 11.5 11.5 11.5 11.5 12.5 12.5 12.5 12.5 12.5 12.5 12.5 12.5 12.5 12.5 12.5 12.5 12.5 13.5 14.5 15.5 15.5 14.5 13.5 13.5 13.5 13.5 13.5 13.5 13.5 13.5 13.5 13.5 13.5 13.5 14.5 14.5 14.5 14.5 14.5 14.5 14.5 14.5 14.5 15.5 15.5 15.5 15.5 15.5 15.5 15.5 15.5 15.5 15.5 14.5 13.5 12.5 11.5 10.5 9.5 8.5 7.5 6.5 5.5 4.5 3.5 2.5 1.5 0.5 0.5 0.5 0.5 0.5 0.5 0.5 0.5 0.5 0.5 0.5 0.5 0.5 0.5 0.5 0.5 1.5 1.5 1.5 1.5 1.5 1.5 1.5 1.5 1.5 1.5 1.5 1.5 1.5 1.5 1.5 2.5 2.5 2.5 2.5 2.5 2.5 2.5 2.5 2.5 2.5 2.5 2.5 2.5 3.5 3.5 3.5 3.5 3.5 3.5 3.5 3.5 3.5 3.5 3.5 3.5 3.5 4.5 4.5 4.5 4.5 4.5 4.5 4.5 4.5 4.5 4.5 4.5 4.5 4.5 5.5 5.5 5.5 5.5 5.5 5.5 5.5 5.5 5.5 5.5 5.5 6.5 6.5 6.5 6.5 6.5 6.5 6.5 6.5 6.5 6.5 6.5 7.5 7.5 7.5 7.5 7.5 7.5 7.5 7.5 7.5 7.5
path_len1 224
path_x2 23.5 24.5 24.5 24.5 25.5 25.5 25.5 26.5 26.5 26.5 27.5 27.5 27.5 28.5 28.5 28.5 28.5 28.5 28.5 28.5 28.5 28.5 28.5 28.5 28.5 28.5 28.5 27.5 27.5 27.5 27.5 27.5 27.5 27.5 27.5 27.5 27.5 27.5 26.5 26.5 26.5 26.5 26.5 26.5 26.5 26.5 26.5 26.5 26.5 25.5 25.5 25.5 25.5 25.5 25.5 25.5 25.5 25.5 25.5 25.5 24.5 24.5 24.5 24.5 24.5 24.5 24.5 24.5 24.5 24.5 24.5 23.5 23.5 23.5 23.5 23.5 23.5 23.5 23.5 23.5 23.5 23.5 22.5 22.5 22.5 22.5 22.5 22.5 22.5 22.5 22.5 22.5 22.5 21.5 21.5 21.5 21.5 21.5 21.5 21.5 21.5 21.5 21.5 21.5 21.5 21.5 21.5 21.5 20.5 20.5 20.5 20.5 20.5 20.5 20.5 20.5 20.5 20.5 20.5 20.5 20.5 20.5 20.5 19.5 19.5 19.5 19.5 19.5 19.5 19.5 19.5 19.5 19.5 19.5 19.5 19.5 18.5 18.5 18.5 18.5 18.5 18.5 18.5 18.5 18.5 18.5 18.5 17.5 17.5 17.5 17.5 17.5 17.5 17.5 17.5 17.5 17.5 17.5 17.5 17.5 16.5 16.5 16.5 16.5 16.5 15.5 14.5 14.5 15.5 16.5 16.5 16.5 16.5 16.5 16.5 16.5 16.5 16.5 17.5 18.5 18.5 18.5 19.5 20.5 21.5 22.5 23.5 24.5 25.5 26.5 27.5 28.5 29.5 29.5 29.5 29.5 29.5 29.5 29.5 29.5 29.5 29.5 29.5 29.5 29.5 29.5 29.5 29.5 29.5 29.5 28.5 28.5 28.5 27.5 26.5 25.5 24.5 23.5 22.5 22.5 22.5 22.5 23.5 23.5
path_y2 15.5 15.5 16.5 17.5 17.5 16.5 15.5 15.5 16.5 17.5 17.5 16.5 15.5 15.5 16.5 17.5 18.5 19.5 20.5 21.5 22.5 23.5 24.5 25.5 26.5 27.5 28.5 28.5 27.5 26.5 25.5 24.5 23.5 22.5 21.5 20.5 19.5 18.5 18.5 19.5 20.5 21.5 22.5 23.5 24.5 25.5 26.5 27.5 28.5 28.5 27.5 26.5 25.5 24.5 23.5 22.5 21.5 20.5 19.5 18.5 18.5 19.5 20.5 21.5 22.5 23.5 24.5 25.5 26.5 27.5 28.5 28.5 27.5 26.5 25.5 24.5 23.5 22.5 21.5 20.5 19.5 18.5 18.5 19.5 20.5 21.5 22.5 23.5 24.5 25.5 26.5 27.5 28.5 28.5 27.5 26.5 25.5 24.5 23.5 22.5 21.5 20.5 19.5 18.5 17.5 16.5 15.5 14.5 14.5 15.5 16.5 17.5 18.5 19.5 20.5 21.5 22.5 23.5 24.5 25.5 26.5 27.5 28.5 28.5 27.5 26.5 25.5 24.5 23.5 22.5 21.5 20.5 19.5 18.5 17.5 16.5 16.5 17.5 18.5 19.5 20.5 21.5 22.5 23.5 24.5 25.5 26.5 26.5 25.5 24.5 23.5 22.5 21.5 20.5 19.5 18.5 17.5 16.5 15.5 14.5 14.5 15.5 16.5 17.5 18.5 18.5 18.5 19.5 19.5 19.5 20.5 21.5 22.5 23.5 24.5 25.5 26.5 27.5 27.5 27.5 28.5 29.5 29.5 29.5 29.5 29.5 29.5 29.5 29.5 29.5 29.5 29.5 29.5 28.5 27.5 26.5 25.5 24.5 23.5 22.5 21.5 20.5 19.5 18.5 17.5 16.5 15.5 14.5 13.5 12.5 12.5 13.5 14.5 14.5 14.5 14.5 14.5 14.5 14.5 15.5 16.5 17.5 17.5 16.5
path_len2 224
path_x3 16.5 16.5 16.5 16.5 17.5 17.5 17.5 18.5 18.5 18.5 18.5 18.5 19.5 19.5 19.5 19.5 19.5 19.5 18.5 17.5 17.5 18.5 19.5 19.5 18.5 17.5 17.5 18.5 19.5 19.5 18.5 17.5 17.5 18.5 19.5 19.5 18.5 17.5 17.5 18.5 19.5 19.5 18.5 17.5 17.5 18.5 19.5 20.5 20.5 20.5 20.5 20.5 20.5 20.5 20.5 20.5 20.5 20.5 20.5 20.5 21.5 21.5 21.5 21.5 21.5 21.5 21.5 21.5 21.5 21.5 21.5 21.5 21.5 22.5 22.5 22.5 22.5 22.5 22.5 22.5 22.5 22.5 22.5 22.5 22.5 22.5 23.5 23.5 23.5 23.5 23.5 23.5 23.5 23.5 23.5 23.5 23.5 23.5 23.5 24.5 24.5 24.5 24.5 24.5 24.5 24.5 24.5 24.5 24.5 24.5 24.5 24.5 25.5 25.5 25.5 25.5 25.5 25.5 25.5 25.5 25.5 25.5 25.5 25.5 25.5 26.5 26.5 26.5 26.5 26.5 26.5 26.5 26.5 26.5 26.5 26.5 26.5 26.5 27.5 27.5 27.5 27.5 27.5 27.5 27.5 27.5 27.5 27.5 27.5 27.5 27.5 28.5 28.5 28.5 28.5 28.5 28.5 28.5 28.5 28.5 28.5 28.5 29.5 29.5 29.5 29.5 29.5 29.5 29.5 29.5 29.5 29.5 29.5 29.5 28.5 27.5 26.5 25.5 24.5 23.5 22.5 21.5 20.5 19.5 18.5 17.5 16.5 16.5 16.5 15.5 14.5 14.5 14.5 14.5 14.5 14.5 14.5 14.5 14.5 14.5 14.5 14.5 14.5 14.5 15.5 15.5 15.5 15.5 15.5 15.5 15.5 15.5 15.5 15.5 15.5 15.5 15.5 16.5 16.5 16.5 16.5 16.5 16.5 16.5
path_y3 10.5 11.5 12.5 13.5 13.5 12.5 11.5 11.5 12.5 13.5 14.5 15.5 15.5 14.5 13.5 12.5 11.5 10.5 10.5 10.5 9.5 9.5 9.5 8.5 8.5 8.5 7.5 7.5 7.5 6.5 6.5 6.5 5.5 5.5 5.5 4.5 4.5 4.5 3.5 3.5 3.5 2.5 2.5 2.5 1.5 1.5 1.5 1.5 2.5 3.5 4.5 5.5 6.5 7.5 8.5 9.5 10.5 11.5 12.5 13.5 13.5 12.5 11.5 10.5 9.5 8.5 7.5 6.5 5.5 4.5 3.5 2.5 1.5 1.5 2.5 3.5 4.5 5.5 6.5 7.5 8.5 9.5 10.5 11.5 12.5 13.5 13.5 12.5 11.5 10.5 9.5 8.5 7.5 6.5 5.5 4.5 3.5 2.5 1.5 1.5 2.5 3.5 4.5 5.5 6.5 7.5 8.5 9.5 10.5 11.5 12.5 13.5 13.5 12.5 11.5 10.5 9.5 8.5 7.5 6.5 5.5 4.5 3.5 2.5 1.5 1.5 2.5 3.5 4.5 5.5 6.5 7.5 8.5 9.5 10.5 11.5 12.5 13.5 13.5 12.5 11.5 10.5 9.5 8.5 7.5 6.5 5.5 4.5 3.5 2.5 1.5 1.5 2.5 3.5 4.5 5.5 6.5 7.5 8.5 9.5 10.5 11.5 11.5 10.5 9.5 8.5 7.5 6.5 5.5 4.5 3.5 2.5 1.5 0.5 0.5 0.5 0.5 0.5 0.5 0.5 0.5 0.5 0.5 0.5 0.5 0.5 0.5 1.5 2.5 2.5 2.5 3.5 4.5 5.5 6.5 7.5 8.5 9.5 10.5 11.5 12.5 13.5 14.5 15.5 15.5 14.5 13.5 12.5 11.5 10.5 9.5 8.5 7.5 6.5 5.5 4.5 3.5 3.5 4.5 5.5 6.5 7.5 8.5 9.5
path_len3 224
sPntx 9 9 7 5 3 1 1 3 1 5 3 1 7 11 5 1 3 13 1 7 3 5 15 11 1 17 3 7 5 13 11 3 15 5 9 7 13 5 11 7 15 9 13 7 11 9 15 13 9 11 15 13 11 11 13 15 3 1 1 1 3 5 3 1 7 5 1 9 5 7 1 11 3 1 9 5 7 13 1 3 11 5 15 9 7 3 13 5 3 11 7 9 5 13 7 11 5 9 7 13 9 11 7 9 13 11 9 11 13 13 13 25 27 29 29 29 29 29 29 29 29 27 27 25 27 25 23 27 21 25 23 27 19 25 21 23 27 29 25 19 23 21 27 17 25 19 23 21 25 17 23 19 21 23 17 21 19 21 17 19 21 19 17 15 17 17 17 17 17 17 17 19 21 23 25 27 29 29 29 27 29 25 27 29 23 27 25 29 21 27 23 25 19 27 21 25 23 27 19 15 25 21 23 25 19 23 15 21 23 19 21 15 21 19 15 19 15 19 17 15 15
sPnty 27 29 29 29 29 29 27 27 25 27 25 23 27 29 25 21 23 29 19 25 21 23 29 27 17 29 19 23 21 27 25 17 27 19 23 21 25 17 23 19 25 21 23 17 21 19 23 21 17 19 21 19 17 15 17 17 5 5 3 1 1 1 3 7 1 3 9 1 5 3 11 1 9 13 3 7 5 1 15 11 3 9 1 5 7 13 3 11 15 5 9 7 13 5 11 7 15 9 13 7 11 9 15 13 9 11 15 13 11 13 15 15 15 15 17 19 21 23 25 27 29 29 27 29 25 27 29 23 29 25 27 21 29 23 27 25 19 13 21 27 23 25 17 27 19 25 21 23 17 25 19 23 21 17 23 19 21 17 21 19 15 17 19 19 17 15 9 7 5 3 1 1 1 1 1 1 1 3 5 3 7 3 5 9 3 7 5 11 3 9 5 7 3 11 5 9 7 13 5 3 11 7 9 13 7 11 5 9 13 9 11 7 13 11 9 13 11 15 13 13 15
tPntx 9 9 9 7 5 3 1 1 1 3 1 1 5 9 3 1 1 11 1 5 1 3 13 9 1 15 1 5 3 11 9 1 13 3 7 5 11 3 9 5 13 7 11 5 9 7 13 11 7 9 13 11 9 11 11 13 3 3 1 1 1 3 1 1 5 3 1 7 3 5 1 9 1 1 7 3 5 11 1 1 9 3 13 7 5 1 11 3 1 9 5 7 3 11 5 9 3 7 5 11 7 9 5 7 11 9 7 9 11 11 13 23 25 27 29 29 29 29 29 29 29 29 27 27 27 25 25 27 23 25 23 27 21 25 21 23 27 29 25 19 23 21 27 19 25 19 23 21 25 17 23 19 21 23 17 21 19 21 17 19 21 19 17 17 17 17 17 17 17 17 17 17 19 21 23 25 27 29 29 27 29 25 27 29 23 27 25 29 21 27 23 25 17 27 21 25 23 27 17 17 25 21 23 25 17 23 15 21 23 17 21 15 21 17 15 19 15 19 17 15 15
tPnty 25 27 29 29 29 29 29 27 27 27 25 25 27 29 25 23 23 29 21 25 21 23 29 27 19 29 19 23 21 27 25 17 27 19 23 21 25 17 23 19 25 21 23 17 21 19 23 21 17 19 21 19 17 17 17 17 7 5 5 3 1 1 3 5 1 3 7 1 5 3 9 1 9 11 3 7 5 1 13 11 3 9 1 5 7 13 3 11 15 5 9 7 13 5 11 7 15 9 13 7 11 9 15 13 9 11 15 13 11 13 13 15 15 15 15 17 19 21 23 25 27 29 29 29 27 29 29 25 29 27 29 23 29 25 29 27 21 15 23 29 25 27 15 27 21 27 23 25 15 27 21 25 23 15 25 21 23 19 23 21 17 19 21 19 19 17 11 9 7 5 3 1 1 1 1 1 1 1 3 1 5 1 3 7 1 5 3 9 1 7 3 5 3 9 3 7 5 11 5 3 9 5 7 11 7 9 3 7 11 9 9 5 11 11 7 11 9 13 11 11 13
makeSpan 228
robNum 4
row0 0 1 0 1 0 1 0 1 0 1 0 1 0 1 0 1 0 1 0 1 0 1 0 1 0 1 0 1 2 3 2 3 2 3 2 3 2 3 2 3 2 3 2 3 2 3 2 3 2 3 2 3 2 3 2 3 4 5 4 5 4 5 4 5 4 5 4 5 4 5 4 5 4 5 4 5 4 5 4 5 4 5 4 5 6 7 6 7 6 7 6 7 6 7 6 7 6 7 6 7 6 7 6 7 6 7 6 7 6 7 6 7 8 9 8 9 8 9 8 9 8 9 8 9 8 9 8 9 8 9 8 9 8 9 8 9 8 9 8 9 10 11 10 11 10 11 10 11 10 11 10 11 10 11 10 11 10 11 10 11 10 11 10 11 10 11 10 11 10 11 10 11 12 13 12 13 12 13 12 13 12 13 12 13 12 13 12 13 12 13 12 13 12 13 12 13 12 13 12 13 14 15 14 15 14 15 14 15 14 15 14 15 14 15 14 15 14 15 14 15 14 15 14 15 16 17 16 17
col0 16 17 17 16 18 19 19 18 20 21 21 20 22 23 23 22 24 25 25 24 26 27 27 26 28 29 29 28 16 17 17 16 18 19 19 18 20 21 21 20 22 23 23 22 24 25 25 24 26 27 27 26 28 29 29 28 16 17 17 16 18 19 19 18 20 21 21 20 22 23 23 22 24 25 25 24 26 27 27 26 28 29 29 28 16 17 17 16 18 19 19 18 20 21 21 20 22 23 23 22 24 25 25 24 26 27 27 26 28 29 29 28 16 17 17 16 18 19 19 18 20 21 21 20 22 23 23 22 24 25 25 24 26 27 27 26 28 29 29 28 14 15 15 14 16 17 17 16 18 19 19 18 20 21 21 20 22 23 23 22 24 25 25 24 26 27 27 26 28 29 29 28 16 17 17 16 18 19 19 18 20 21 21 20 22 23 23 22 24 25 25 24 26 27 27 26 28 29 29 28 16 17 17 16 20 21 21 20 22 23 23 22 24 25 25 24 26 27 27 26 28 29 29 28 28 29 29 28
row1 0 1 0 1 0 1 0 1 0 1 0 1 0 1 0 1 0 1 0 1 0 1 0 1 0 1 0 1 0 1 0 1 2 3 2 3 2 3 2 3 2 3 2 3 2 3 2 3 2 3 2 3 2 3 2 3 2 3 2 3 2 3 2 3 4 5 4 5 4 5 4 5 4 5 4 5 4 5 4 5 4 5 4 5 4 5 4 5 4 5 4 5 4 5 4 5 6 7 6 7 6 7 6 7 6 7 6 7 6 7 6 7 6 7 6 7 6 7 6 7 6 7 6 7 6 7 6 7 8 9 8 9 8 9 8 9 8 9 8 9 8 9 8 9 8 9 8 9 8 9 8 9 8 9 8 9 8 9 8 9 10 11 10 11 10 11 10 11 10 11 10 11 10 11 10 11 10 11 10 11 10 11 10 11 10 11 10 11 12 13 12 13 12 13 12 13 12 13 12 13 12 13 12 13 12 13 12 13 12 13 12 13 12 13 12 13 12 13 12 13 14 15 14 15
col1 0 1 1 0 2 3 3 2 4 5 5 4 6 7 7 6 8 9 9 8 10 11 11 10 12 13 13 12 14 15 15 14 0 1 1 0 2 3 3 2 4 5 5 4 6 7 7 6 8 9 9 8 10 11 11 10 12 13 13 12 14 15 15 14 0 1 1 0 2 3 3 2 4 5 5 4 6 7 7 6 8 9 9 8 10 11 11 10 12 13 13 12 14 15 15 14 0 1 1 0 2 3 3 2 4 5 5 4 6 7 7 6 8 9 9 8 10 11 11 10 12 13 13 12 14 15 15 14 0 1 1 0 2 3 3 2 4 5 5 4 6 7 7 6 8 9 9 8 10 11 11 10 12 13 13 12 14 15 15 14 0 1 1 0 2 3 3 2 4 5 5 4 6 7 7 6 8 9 9 8 10 11 11 10 12 13 13 12 0 1 1 0 2 3 3 2 4 5 5 4 6 7 7 6 8 9 9 8 10 11 11 10 12 13 13 12 14 15 15 14 0 1 1 0
row2 14 15 14 15 16 17 16 17 16 17 16 17 16 17 16 17 16 17 16 17 16 17 16 17 16 17 16 17 16 17 16 17 18 19 18 19 18 19 18 19 18 19 18 19 18 19 18 19 18 19 18 19 18 19 18 19 18 19 18 19 20 21 20 21 20 21 20 21 20 21 20 21 20 21 20 21 20 21 20 21 20 21 20 21 20 21 20 21 20 21 20 21 22 23 22 23 22 23 22 23 22 23 22 23 22 23 22 23 22 23 22 23 22 23 22 23 22 23 22 23 22 23 22 23 24 25 24 25 24 25 24 25 24 25 24 25 24 25 24 25 24 25 24 25 24 25 24 25 24 25 24 25 24 25 24 25 26 27 26 27 26 27 26 27 26 27 26 27 26 27 26 27 26 27 26 27 26 27 26 27 26 27 26 27 26 27 26 27 28 29 28 29 28 29 28 29 28 29 28 29 28 29 28 29 28 29 28 29 28 29 28 29 28 29 28 29 28 29 28 29 28 29 28 29
col2 18 19 19 18 14 15 15 14 16 17 17 16 18 19 19 18 20 21 21 20 22 23 23 22 24 25 25 24 26 27 27 26 16 17 17 16 18 19 19 18 20 21 21 20 22 23 23 22 24 25 25 24 26 27 27 26 28 29 29 28 14 15 15 14 16 17 17 16 18 19 19 18 20 21 21 20 22 23 23 22 24 25 25 24 26 27 27 26 28 29 29 28 14 15 15 14 16 17 17 16 18 19 19 18 20 21 21 20 22 23 23 22 24 25 25 24 26 27 27 26 28 29 29 28 14 15 15 14 16 17 17 16 18 19 19 18 20 21 21 20 22 23 23 22 24 25 25 24 26 27 27 26 28 29 29 28 14 15 15 14 16 17 17 16 18 19 19 18 20 21 21 20 22 23 23 22 24 25 25 24 26 27 27 26 28 29 29 28 12 13 13 12 14 15 15 14 16 17 17 16 18 19 19 18 20 21 21 20 22 23 23 22 24 25 25 24 26 27 27 26 28 29 29 28
row3 14 15 14 15 14 15 14 15 14 15 14 15 14 15 14 15 14 15 14 15 14 15 14 15 14 15 14 15 16 17 16 17 16 17 16 17 16 17 16 17 16 17 16 17 16 17 16 17 16 17 16 17 16 17 16 17 18 19 18 19 18 19 18 19 18 19 18 19 18 19 18 19 18 19 18 19 18 19 18 19 18 19 18 19 18 19 18 19 20 21 20 21 20 21 20 21 20 21 20 21 20 21 20 21 20 21 20 21 20 21 20 21 20 21 20 21 22 23 22 23 22 23 22 23 22 23 22 23 22 23 22 23 22 23 22 23 22 23 22 23 22 23 22 23 24 25 24 25 24 25 24 25 24 25 24 25 24 25 24 25 24 25 24 25 24 25 24 25 24 25 24 25 26 27 26 27 26 27 26 27 26 27 26 27 26 27 26 27 26 27 26 27 26 27 26 27 26 27 26 27 28 29 28 29 28 29 28 29 28 29 28 29 28 29 28 29 28 29 28 29 28 29 28 29
col3 2 3 3 2 4 5 5 4 6 7 7 6 8 9 9 8 10 11 11 10 12 13 13 12 14 15 15 14 0 1 1 0 2 3 3 2 4 5 5 4 6 7 7 6 8 9 9 8 10 11 11 10 12 13 13 12 0 1 1 0 2 3 3 2 4 5 5 4 6 7 7 6 8 9 9 8 10 11 11 10 12 13 13 12 14 15 15 14 0 1 1 0 2 3 3 2 4 5 5 4 6 7 7 6 8 9 9 8 10 11 11 10 12 13 13 12 0 1 1 0 2 3 3 2 4 5 5 4 6 7 7 6 8 9 9 8 10 11 11 10 12 13 13 12 0 1 1 0 2 3 3 2 4 5 5 4 6 7 7 6 8 9 9 8 10 11 11 10 12 13 13 12 0 1 1 0 2 3 3 2 4 5 5 4 6 7 7 6 8 9 9 8 10 11 11 10 12 13 13 12 0 1 1 0 2 3 3 2 4 5 5 4 6 7 7 6 8 9 9 8 10 11 11 10
