g_sPntx 1 1 1 1 1 1 1 1 1 1 1 1 1 1 1 3 3 3 3 3 3 3 3 3 3 3 3 3 3 3 5 5 5 5 5 5 5 5 5 5 5 5 5 5 5 7 7 7 7 7 7 7 7 7 7 7 7 7 7 7 9 9 9 9 9 9 9 9 9 9 9 9 9 9 9 11 11 11 11 11 11 11 11 11 11 11 11 11 11 11 13 13 13 13 13 13 13 13 13 13 13 13 13 13 13 15 15 15 15 15 15 15 15 15 15 15 15 15 15 15 17 17 17 17 17 17 17 17 17 17 17 17 17 17 17 19 19 19 19 19 19 19 19 19 19 19 19 19 19 19 21 21 21 21 21 21 21 21 21 21 21 21 21 21 21 23 23 23 23 23 23 23 23 23 23 23 23 23 23 23 25 25 25 25 25 25 25 25 25 25 25 25 25 25 25 27 27 27 27 27 27 27 27 27 27 27 27 27 27 27 29 29 29 29 29 29 29 29 29 29 29 29 29 29 29
g_sPnty 1 3 5 7 9 11 13 15 17 19 21 23 25 27 29 1 3 5 7 9 11 13 15 17 19 21 23 25 27 29 1 3 5 7 9 11 13 15 17 19 21 23 25 27 29 1 3 5 7 9 11 13 15 17 19 21 23 25 27 29 1 3 5 7 9 11 13 15 17 19 21 23 25 27 29 1 3 5 7 9 11 13 15 17 19 21 23 25 27 29 1 3 5 7 9 11 13 15 17 19 21 23 25 27 29 1 3 5 7 9 11 13 15 17 19 21 23 25 27 29 1 3 5 7 9 11 13 15 17 19 21 23 25 27 29 1 3 5 7 9 11 13 15 17 19 21 23 25 27 29 1 3 5 7 9 11 13 15 17 19 21 23 25 27 29 1 3 5 7 9 11 13 15 17 19 21 23 25 27 29 1 3 5 7 9 11 13 15 17 19 21 23 25 27 29 1 3 5 7 9 11 13 15 17 19 21 23 25 27 29 1 3 5 7 9 11 13 15 17 19 21 23 25 27 29
g_tPntx 1 1 1 3 3 3 3 3 3 3 3 3 3 3 3 1 1 3 5 5 3 3 3 5 5 3 5 3 3 5 3 3 5 5 7 7 7 7 7 7 7 7 7 7 7 5 5 7 9 9 9 7 7 7 7 9 9 9 7 7 7 7 9 9 9 11 11 11 7 11 11 11 11 11 7 9 9 11 11 9 13 13 11 11 13 11 11 13 11 11 11 11 11 13 11 15 15 11 13 15 11 13 15 11 13 13 13 13 15 13 15 17 13 15 17 13 15 17 13 15 15 15 15 17 15 17 19 15 17 19 15 17 17 15 17 17 17 17 19 17 19 21 17 19 21 17 19 17 17 19 19 19 19 21 19 21 23 19 21 21 19 21 19 19 21 21 21 21 23 21 23 25 21 23 21 21 23 21 21 23 23 23 23 25 23 25 27 23 25 23 23 25 23 23 25 25 25 25 27 25 27 27 25 27 25 25 27 25 25 27 27 27 27 29 29 29 29 27 29 29 27 29 29 27 29
g_tPnty 1 1 3 7 9 11 13 15 17 19 21 23 25 27 29 1 3 3 7 9 13 15 17 17 19 23 23 27 29 29 1 3 3 9 9 11 13 15 17 19 21 23 25 27 29 1 3 3 7 9 11 11 13 15 21 21 23 25 25 27 1 3 3 5 7 11 13 15 17 19 21 23 25 27 29 1 3 3 5 9 11 13 13 15 19 19 21 25 25 27 1 3 5 5 9 11 13 15 15 19 21 21 25 27 27 1 3 5 5 9 13 13 15 15 19 21 21 25 27 27 1 3 5 5 9 9 13 15 15 19 21 21 23 27 27 1 3 5 5 9 9 13 15 15 19 21 21 25 27 27 1 3 5 5 9 9 13 15 15 17 21 21 25 27 27 1 3 5 5 9 9 13 15 15 19 21 21 25 27 27 1 3 5 5 9 9 13 15 15 19 21 21 25 27 27 1 3 5 5 9 9 11 15 15 19 21 21 25 27 27 1 3 5 5 7 9 11 15 15 17 21 21 23 27 27
STCPntx 1 1 1 1 1 1 1 1 1 1 1 1 1 1 1 3 3 3 3 3 3 3 3 3 3 3 3 3 3 3 5 5 5 5 5 5 5 5 5 5 5 5 5 5 5 7 7 7 7 7 7 7 7 7 7 7 7 7 7 7 9 9 9 9 9 9 9 9 9 9 9 9 9 9 9 11 11 11 11 11 11 11 11 11 11 11 11 11 11 11 13 13 13 13 13 13 13 13 13 13 13 13 13 13 13 15 15 15 15 15 15 15 15 15 15 15 15 15 15 15 17 17 17 17 17 17 17 17 17 17 17 17 17 17 17 19 19 19 19 19 19 19 19 19 19 19 19 19 19 19 21 21 21 21 21 21 21 21 21 21 21 21 21 21 21 23 23 23 23 23 23 23 23 23 23 23 23 23 23 23 25 25 25 25 25 25 25 25 25 25 25 25 25 25 25 27 27 27 27 27 27 27 27 27 27 27 27 27 27 27 29 29 29 29 29 29 29 29 29 29 29 29 29 29 29
STCPnty 1 3 5 7 9 11 13 15 17 19 21 23 25 27 29 1 3 5 7 9 11 13 15 17 19 21 23 25 27 29 1 3 5 7 9 11 13 15 17 19 21 23 25 27 29 1 3 5 7 9 11 13 15 17 19 21 23 25 27 29 1 3 5 7 9 11 13 15 17 19 21 23 25 27 29 1 3 5 7 9 11 13 15 17 19 21 23 25 27 29 1 3 5 7 9 11 13 15 17 19 21 23 25 27 29 1 3 5 7 9 11 13 15 17 19 21 23 25 27 29 1 3 5 7 9 11 13 15 17 19 21 23 25 27 29 1 3 5 7 9 11 13 15 17 19 21 23 25 27 29 1 3 5 7 9 11 13 15 17 19 21 23 25 27 29 1 3 5 7 9 11 13 15 17 19 21 23 25 27 29 1 3 5 7 9 11 13 15 17 19 21 23 25 27 29 1 3 5 7 9 11 13 15 17 19 21 23 25 27 29 1 3 5 7 9 11 13 15 17 19 21 23 25 27 29
rob0	set size = 214
rob1	set size = 216
rob2	set size = 216
rob3	set size = 214
max  = 216 min = 214
allNumSize = 225
sPntx0 25 27 29 21 19 17 15 29 27 25 23 21 19 13 17 11 9 7 5 3 1 15 13 11 9 9 7 7 5 5 3 3 1 1 1 1 3 5 7 9 11 13 15 17 17 15 13 11 9 9 9 7 7 7 5 5 5
sPnty0 1 1 1 1 1 1 1 3 3 3 3 3 3 1 3 1 1 1 1 1 1 3 3 3 3 5 5 3 5 3 5 3 3 5 7 9 9 9 9 9 9 9 9 9 11 11 11 11 11 13 15 15 13 11 15 13 11
tPntx0 23 25 27 23 21 19 17 29 27 25 23 21 19 15 17 13 11 9 7 5 3 15 13 11 9 9 9 7 7 5 5 3 1 1 1 1 1 3 5 7 9 11 13 15 17 17 15 13 11 9 9 9 7 7 7 5 5
tPnty0 1 1 1 1 1 1 1 1 1 1 1 1 1 1 1 1 1 1 1 1 1 1 1 1 1 3 5 1 5 1 5 1 1 3 5 7 9 9 9 9 9 9 9 9 9 11 11 11 11 11 13 15 15 13 15 15 13
sPntx1 3 5 7 9 11 13 15 17 17 19 15 19 21 13 21 11 23 11 25 9 11 27 7 9 13 29 5 7 15 3 5 17 1 3 19 1 1 21 3 23 5 25 7 27 9 29 29 27 25 23 21 19 17 13 15 29 29
sPnty1 23 23 23 23 23 23 23 23 25 23 25 25 23 25 25 25 25 27 25 27 29 25 27 29 29 25 27 29 29 27 29 29 27 29 29 25 29 29 25 29 25 29 25 29 25 29 27 27 27 27 27 27 27 27 27 23 21
tPntx1 1 3 5 7 9 11 13 15 17 17 17 17 19 15 19 13 21 11 23 11 11 25 9 9 11 27 7 7 13 5 5 15 3 3 17 1 1 19 1 21 3 23 5 25 7 27 29 27 25 23 21 19 17 13 15 29 29
tPnty1 23 23 23 23 23 23 23 23 23 23 25 25 23 25 25 25 25 25 25 27 27 25 27 27 29 25 27 27 29 27 27 29 27 27 29 27 27 29 25 29 25 29 25 29 25 29 29 29 29 29 29 29 29 29 29 25 23
sPntx2 17 19 21 23 25 27 29 29 29 27 25 23 21 19 15 13 11 9 9 7 7 15 13 11 9 7 5 3 1 3 1 1 1 3 3 5 5 3 3 1 1 11 13 15 17 19 21 23 25 23 25 27 27
sPnty2 19 19 19 19 19 19 19 17 15 17 17 17 17 17 19 19 19 19 21 21 19 17 17 17 17 17 17 17 17 15 15 13 11 13 11 21 19 21 19 19 21 21 21 21 21 21 21 21 21 23 23 23 21
tPntx2 17 17 19 21 23 25 27 29 29 27 25 23 21 17 17 15 13 11 9 9 7 17 15 13 11 9 7 5 3 3 1 1 1 1 1 7 5 5 3 3 1 9 11 13 15 17 19 21 23 23 23 25 27
tPnty2 17 19 19 19 19 19 19 19 17 19 19 19 19 17 19 19 19 19 19 21 21 17 17 17 17 17 17 17 17 17 17 15 13 13 11 21 21 21 21 19 19 21 21 21 21 21 21 21 21 21 23 23 23
sPntx3 9 11 11 13 15 17 19 21 23 25 27 29 5 3 29 29 29 27 27 27 25 25 25 23 23 21 23 21 19 21 17 19 19 15 13 29 27 25 23 21 19 17 15 13 11 11 13 15 17 19 21 23 25 27
sPnty3 7 7 5 5 5 5 5 5 5 5 5 5 7 7 7 9 11 7 9 11 7 9 11 7 9 7 11 9 7 11 7 11 9 7 7 13 13 13 13 13 13 13 13 13 13 15 15 15 15 15 15 15 15 15
tPntx3 7 9 11 11 13 15 17 19 21 23 25 27 7 5 29 29 29 27 27 27 25 25 25 23 23 21 23 21 19 21 17 21 19 15 11 29 27 25 23 21 19 19 17 15 13 11 11 13 15 17 19 21 23 25
tPnty3 7 7 7 5 5 5 5 5 5 5 5 5 7 7 5 7 9 5 7 9 5 7 9 5 7 5 9 7 5 9 5 11 7 5 7 11 11 11 11 11 11 13 13 13 13 13 15 15 15 15 15 15 15 15
path_x0 22.5 23.5 24.5 25.5 26.5 27.5 28.5 29.5 29.5 29.5 28.5 28.5 27.5 27.5 26.5 26.5 25.5 25.5 24.5 24.5 23.5 23.5 22.5 22.5 21.5 21.5 20.5 20.5 19.5 19.5 18.5 18.5 17.5 17.5 16.5 16.5 15.5 15.5 14.5 14.5 13.5 13.5 12.5 12.5 11.5 11.5 11.5 10.5 10.5 10.5 9.5 9.5 9.5 9.5 9.5 8.5 7.5 6.5 5.5 4.5 3.5 2.5 2.5 3.5 4.5 5.5 6.5 7.5 8.5 8.5 8.5 8.5 7.5 7.5 7.5 6.5 6.5 6.5 5.5 5.5 5.5 4.5 4.5 4.5 3.5 3.5 3.5 2.5 2.5 2.5 1.5 1.5 1.5 1.5 1.5 1.5 1.5 1.5 2.5 3.5 4.5 5.5 6.5 7.5 8.5 9.5 10.5 11.5 12.5 13.5 14.5 15.5 16.5 17.5 17.5 17.5 17.5 16.5 15.5 14.5 13.5 12.5 11.5 10.5 9.5 9.5 9.5 9.5 9.5 8.5 7.5 6.5 5.5 4.5 4.5 4.5 4.5 4.5 4.5 5.5 5.5 5.5 5.5 5.5 6.5 6.5 6.5 6.5 6.5 7.5 7.5 7.5 7.5 7.5 8.5 8.5 8.5 8.5 8.5 9.5 10.5 11.5 12.5 13.5 14.5 15.5 16.5 16.5 16.5 15.5 14.5 13.5 12.5 11.5 10.5 9.5 8.5 7.5 6.5 5.5 4.5 3.5 2.5 1.5 0.5 0.5 0.5 0.5 0.5 0.5 0.5 0.5 1.5 2.5 3.5 4.5 5.5 6.5 7.5 8.5 9.5 10.5 11.5 12.5 13.5 14.5 14.5 15.5 16.5 17.5 18.5 19.5 20.5 21.5
path_y0 0.5 0.5 0.5 0.5 0.5 0.5 0.5 0.5 1.5 2.5 2.5 1.5 1.5 2.5 2.5 1.5 1.5 2.5 2.5 1.5 1.5 2.5 2.5 1.5 1.5 2.5 2.5 1.5 1.5 2.5 2.5 1.5 1.5 2.5 2.5 1.5 1.5 2.5 2.5 1.5 1.5 2.5 2.5 1.5 1.5 2.5 3.5 3.5 2.5 1.5 1.5 2.5 3.5 4.5 5.5 5.5 5.5 5.5 5.5 5.5 5.5 5.5 4.5 4.5 4.5 4.5 4.5 4.5 4.5 3.5 2.5 1.5 1.5 2.5 3.5 3.5 2.5 1.5 1.5 2.5 3.5 3.5 2.5 1.5 1.5 2.5 3.5 3.5 2.5 1.5 1.5 2.5 3.5 4.5 5.5 6.5 7.5 8.5 8.5 8.5 8.5 8.5 8.5 8.5 8.5 8.5 8.5 8.5 8.5 8.5 8.5 8.5 8.5 8.5 9.5 10.5 11.5 11.5 11.5 11.5 11.5 11.5 11.5 11.5 11.5 12.5 13.5 14.5 15.5 15.5 15.5 15.5 15.5 15.5 14.5 13.5 12.5 11.5 10.5 10.5 11.5 12.5 13.5 14.5 14.5 13.5 12.5 11.5 10.5 10.5 11.5 12.5 13.5 14.5 14.5 13.5 12.5 11.5 10.5 10.5 10.5 10.5 10.5 10.5 10.5 10.5 10.5 9.5 8.5 8.5 8.5 8.5 8.5 8.5 8.5 8.5 8.5 8.5 8.5 8.5 8.5 8.5 8.5 8.5 8.5 7.5 6.5 5.5 4.5 3.5 2.5 1.5 1.5 1.5 1.5 1.5 1.5 1.5 1.5 1.5 1.5 1.5 1.5 1.5 1.5 1.5 0.5 0.5 0.5 0.5 0.5 0.5 0.5 0.5
path_len 214
path_x1 0.5 1.5 2.5 3.5 4.5 5.5 6.5 7.5 8.5 9.5 10.5 11.5 12.5 13.5 14.5 15.5 16.5 16.5 16.5 15.5 14.5 13.5 12.5 11.5 10.5 10.5 10.5 9.5 8.5 7.5 6.5 5.5 4.5 3.5 2.5 1.5 1.5 2.5 3.5 4.5 5.5 6.5 7.5 8.5 9.5 9.5 8.5 7.5 6.5 5.5 4.5 3.5 2.5 1.5 0.5 0.5 0.5 0.5 0.5 1.5 1.5 2.5 2.5 3.5 3.5 4.5 4.5 5.5 5.5 6.5 6.5 7.5 7.5 8.5 8.5 9.5 9.5 10.5 10.5 11.5 12.5 13.5 14.5 15.5 16.5 16.5 17.5 18.5 19.5 20.5 21.5 22.5 23.5 24.5 25.5 26.5 27.5 28.5 29.5 29.5 29.5 28.5 28.5 27.5 27.5 26.5 26.5 25.5 25.5 24.5 24.5 23.5 23.5 22.5 22.5 21.5 21.5 20.5 20.5 19.5 19.5 18.5 18.5 17.5 17.5 16.5 16.5 15.5 15.5 14.5 14.5 13.5 13.5 12.5 12.5 11.5 11.5 10.5 10.5 10.5 11.5 12.5 13.5 14.5 15.5 16.5 17.5 18.5 19.5 20.5 21.5 22.5 23.5 24.5 25.5 26.5 27.5 28.5 29.5 29.5 29.5 29.5 29.5 28.5 28.5 28.5 28.5 27.5 26.5 25.5 24.5 23.5 22.5 21.5 20.5 19.5 18.5 17.5 17.5 18.5 19.5 20.5 21.5 21.5 20.5 19.5 18.5 17.5 16.5 15.5 14.5 13.5 12.5 11.5 10.5 9.5 8.5 7.5 6.5 5.5 4.5 3.5 2.5 1.5
path_y1 22.5 22.5 22.5 22.5 22.5 22.5 22.5 22.5 22.5 22.5 22.5 22.5 22.5 22.5 22.5 22.5 22.5 23.5 24.5 24.5 24.5 24.5 24.5 24.5 24.5 25.5 26.5 26.5 26.5 26.5 26.5 26.5 26.5 26.5 26.5 26.5 25.5 25.5 25.5 25.5 25.5 25.5 25.5 25.5 25.5 24.5 24.5 24.5 24.5 24.5 24.5 24.5 24.5 24.5 24.5 25.5 26.5 27.5 28.5 28.5 27.5 27.5 28.5 28.5 27.5 27.5 28.5 28.5 27.5 27.5 28.5 28.5 27.5 27.5 28.5 28.5 27.5 27.5 28.5 28.5 28.5 28.5 28.5 28.5 28.5 29.5 29.5 29.5 29.5 29.5 29.5 29.5 29.5 29.5 29.5 29.5 29.5 29.5 29.5 28.5 27.5 27.5 28.5 28.5 27.5 27.5 28.5 28.5 27.5 27.5 28.5 28.5 27.5 27.5 28.5 28.5 27.5 27.5 28.5 28.5 27.5 27.5 28.5 28.5 27.5 27.5 28.5 28.5 27.5 27.5 28.5 28.5 27.5 27.5 28.5 28.5 27.5 27.5 26.5 25.5 25.5 25.5 25.5 25.5 25.5 25.5 25.5 25.5 25.5 25.5 25.5 25.5 25.5 25.5 25.5 25.5 25.5 25.5 25.5 24.5 23.5 22.5 21.5 21.5 22.5 23.5 24.5 24.5 24.5 24.5 24.5 24.5 24.5 24.5 24.5 24.5 24.5 24.5 23.5 23.5 23.5 23.5 23.5 22.5 22.5 22.5 22.5 22.5 22.5 22.5 22.5 22.5 22.5 22.5 22.5 22.5 22.5 22.5 22.5 22.5 22.5 22.5 22.5 22.5
path_len 204
path_x2 17.5 18.5 19.5 19.5 18.5 17.5 16.5 15.5 14.5 13.5 12.5 11.5 10.5 9.5 8.5 7.5 6.5 5.5 4.5 3.5 3.5 3.5 2.5 2.5 2.5 1.5 1.5 1.5 1.5 2.5 3.5 3.5 2.5 1.5 1.5 2.5 3.5 3.5 2.5 1.5 0.5 0.5 0.5 0.5 0.5 0.5 0.5 1.5 2.5 3.5 4.5 5.5 6.5 7.5 8.5 9.5 10.5 11.5 12.5 13.5 14.5 15.5 16.5 16.5 16.5 15.5 14.5 13.5 12.5 11.5 10.5 9.5 8.5 8.5 8.5 7.5 7.5 7.5 6.5 6.5 6.5 5.5 5.5 5.5 4.5 4.5 4.5 3.5 3.5 3.5 2.5 1.5 0.5 0.5 0.5 0.5 1.5 1.5 1.5 2.5 2.5 2.5 3.5 4.5 5.5 6.5 7.5 8.5 9.5 10.5 11.5 12.5 13.5 14.5 15.5 16.5 17.5 18.5 19.5 20.5 21.5 22.5 22.5 22.5 23.5 24.5 25.5 26.5 27.5 27.5 27.5 26.5 26.5 25.5 24.5 23.5 23.5 24.5 25.5 24.5 23.5 22.5 21.5 20.5 19.5 18.5 17.5 16.5 15.5 14.5 13.5 12.5 11.5 10.5 10.5 9.5 9.5 10.5 11.5 12.5 13.5 14.5 15.5 16.5 17.5 18.5 19.5 20.5 21.5 22.5 23.5 24.5 25.5 26.5 27.5 28.5 29.5 29.5 29.5 29.5 29.5 29.5 28.5 28.5 28.5 28.5 28.5 27.5 27.5 27.5 26.5 26.5 26.5 25.5 25.5 25.5 24.5 24.5 24.5 23.5 23.5 23.5 22.5 22.5 22.5 21.5 21.5 21.5 20.5 20.5 20.5 19.5 18.5 17.5
path_y2 17.5 17.5 17.5 16.5 16.5 16.5 16.5 16.5 16.5 16.5 16.5 16.5 16.5 16.5 16.5 16.5 16.5 16.5 16.5 16.5 15.5 14.5 14.5 15.5 16.5 16.5 15.5 14.5 13.5 13.5 13.5 12.5 12.5 12.5 11.5 11.5 11.5 10.5 10.5 10.5 10.5 11.5 12.5 13.5 14.5 15.5 16.5 16.5 16.5 16.5 16.5 16.5 16.5 16.5 16.5 16.5 16.5 16.5 16.5 16.5 16.5 16.5 16.5 17.5 18.5 18.5 18.5 18.5 18.5 18.5 18.5 18.5 18.5 19.5 20.5 20.5 19.5 18.5 18.5 19.5 20.5 20.5 19.5 18.5 18.5 19.5 20.5 20.5 19.5 18.5 18.5 18.5 18.5 19.5 20.5 21.5 21.5 20.5 19.5 19.5 20.5 21.5 21.5 21.5 21.5 21.5 21.5 21.5 21.5 21.5 21.5 21.5 21.5 21.5 21.5 21.5 21.5 21.5 21.5 21.5 21.5 21.5 22.5 23.5 23.5 23.5 23.5 23.5 23.5 22.5 21.5 21.5 22.5 22.5 22.5 22.5 21.5 21.5 21.5 21.5 21.5 21.5 21.5 21.5 21.5 21.5 21.5 21.5 21.5 21.5 21.5 21.5 21.5 21.5 20.5 20.5 19.5 19.5 19.5 19.5 19.5 19.5 19.5 19.5 19.5 19.5 19.5 19.5 19.5 19.5 19.5 19.5 19.5 19.5 19.5 19.5 19.5 18.5 17.5 16.5 15.5 14.5 14.5 15.5 16.5 17.5 18.5 18.5 17.5 16.5 16.5 17.5 18.5 18.5 17.5 16.5 16.5 17.5 18.5 18.5 17.5 16.5 16.5 17.5 18.5 18.5 17.5 16.5 16.5 17.5 18.5 18.5 18.5 18.5
path_len 214
path_x3 7.5 6.5 5.5 4.5 3.5 2.5 2.5 3.5 4.5 5.5 6.5 7.5 8.5 9.5 10.5 11.5 12.5 13.5 13.5 12.5 11.5 11.5 12.5 13.5 14.5 14.5 14.5 15.5 15.5 15.5 16.5 16.5 16.5 17.5 17.5 17.5 18.5 18.5 18.5 18.5 18.5 19.5 19.5 19.5 19.5 19.5 20.5 20.5 20.5 20.5 20.5 20.5 19.5 18.5 18.5 18.5 17.5 16.5 15.5 14.5 13.5 12.5 11.5 10.5 10.5 10.5 10.5 11.5 12.5 13.5 14.5 15.5 16.5 17.5 18.5 19.5 20.5 21.5 22.5 23.5 24.5 25.5 26.5 27.5 27.5 26.5 25.5 24.5 23.5 22.5 21.5 20.5 19.5 18.5 17.5 16.5 15.5 14.5 13.5 12.5 11.5 10.5 10.5 10.5 11.5 12.5 13.5 14.5 15.5 16.5 17.5 18.5 19.5 19.5 20.5 20.5 21.5 21.5 21.5 21.5 21.5 21.5 21.5 21.5 22.5 22.5 22.5 22.5 22.5 22.5 22.5 22.5 23.5 23.5 23.5 23.5 23.5 23.5 23.5 23.5 24.5 24.5 24.5 24.5 24.5 24.5 24.5 24.5 25.5 25.5 25.5 25.5 25.5 25.5 25.5 25.5 26.5 26.5 26.5 26.5 26.5 26.5 26.5 26.5 27.5 27.5 27.5 27.5 27.5 27.5 27.5 27.5 28.5 28.5 28.5 28.5 28.5 28.5 28.5 28.5 29.5 29.5 29.5 29.5 29.5 29.5 29.5 29.5 29.5 28.5 27.5 26.5 25.5 24.5 23.5 22.5 21.5 20.5 19.5 18.5 17.5 16.5 15.5 14.5 13.5 12.5 11.5 10.5 10.5 10.5 9.5 8.5
path_y3 6.5 6.5 6.5 6.5 6.5 6.5 7.5 7.5 7.5 7.5 7.5 7.5 7.5 7.5 7.5 7.5 7.5 7.5 6.5 6.5 6.5 5.5 5.5 5.5 5.5 6.5 7.5 7.5 6.5 5.5 5.5 6.5 7.5 7.5 6.5 5.5 5.5 6.5 7.5 8.5 9.5 9.5 8.5 7.5 6.5 5.5 5.5 6.5 7.5 8.5 9.5 10.5 10.5 10.5 11.5 12.5 12.5 12.5 12.5 12.5 12.5 12.5 12.5 12.5 13.5 14.5 15.5 15.5 15.5 15.5 15.5 15.5 15.5 15.5 15.5 15.5 15.5 15.5 15.5 15.5 15.5 15.5 15.5 15.5 14.5 14.5 14.5 14.5 14.5 14.5 14.5 14.5 14.5 14.5 14.5 14.5 14.5 14.5 14.5 14.5 14.5 14.5 13.5 12.5 12.5 12.5 12.5 12.5 12.5 12.5 12.5 12.5 12.5 11.5 11.5 12.5 12.5 11.5 10.5 9.5 8.5 7.5 6.5 5.5 5.5 6.5 7.5 8.5 9.5 10.5 11.5 12.5 12.5 11.5 10.5 9.5 8.5 7.5 6.5 5.5 5.5 6.5 7.5 8.5 9.5 10.5 11.5 12.5 12.5 11.5 10.5 9.5 8.5 7.5 6.5 5.5 5.5 6.5 7.5 8.5 9.5 10.5 11.5 12.5 12.5 11.5 10.5 9.5 8.5 7.5 6.5 5.5 5.5 6.5 7.5 8.5 9.5 10.5 11.5 12.5 12.5 11.5 10.5 9.5 8.5 7.5 6.5 5.5 4.5 4.5 4.5 4.5 4.5 4.5 4.5 4.5 4.5 4.5 4.5 4.5 4.5 4.5 4.5 4.5 4.5 4.5 4.5 4.5 5.5 6.5 6.5 6.5
path_len 212
sPntx 25 27 29 21 19 17 15 29 27 25 23 21 19 13 17 11 9 7 5 3 1 15 13 11 9 9 7 7 5 5 3 3 1 1 1 1 3 5 7 9 11 13 15 17 17 15 13 11 9 9 9 7 7 7 5 5 5 3 5 7 9 11 13 15 17 17 19 15 19 21 13 21 11 23 11 25 9 11 27 7 9 13 29 5 7 15 3 5 17 1 3 19 1 1 21 3 23 5 25 7 27 9 29 29 27 25 23 21 19 17 13 15 29 29 17 19 21 23 25 27 29 29 29 27 25 23 21 19 15 13 11 9 9 7 7 15 13 11 9 7 5 3 1 3 1 1 1 3 3 5 5 3 3 1 1 11 13 15 17 19 21 23 25 23 25 27 27 9 11 11 13 15 17 19 21 23 25 27 29 5 3 29 29 29 27 27 27 25 25 25 23 23 21 23 21 19 21 17 19 19 15 13 29 27 25 23 21 19 17 15 13 11 11 13 15 17 19 21 23 25 27
sPnty 1 1 1 1 1 1 1 3 3 3 3 3 3 1 3 1 1 1 1 1 1 3 3 3 3 5 5 3 5 3 5 3 3 5 7 9 9 9 9 9 9 9 9 9 11 11 11 11 11 13 15 15 13 11 15 13 11 23 23 23 23 23 23 23 23 25 23 25 25 23 25 25 25 25 27 25 27 29 25 27 29 29 25 27 29 29 27 29 29 27 29 29 25 29 29 25 29 25 29 25 29 25 29 27 27 27 27 27 27 27 27 27 23 21 19 19 19 19 19 19 19 17 15 17 17 17 17 17 19 19 19 19 21 21 19 17 17 17 17 17 17 17 17 15 15 13 11 13 11 21 19 21 19 19 21 21 21 21 21 21 21 21 21 23 23 23 21 7 7 5 5 5 5 5 5 5 5 5 5 7 7 7 9 11 7 9 11 7 9 11 7 9 7 11 9 7 11 7 11 9 7 7 13 13 13 13 13 13 13 13 13 13 15 15 15 15 15 15 15 15 15
tPntx 23 25 27 23 21 19 17 29 27 25 23 21 19 15 17 13 11 9 7 5 3 15 13 11 9 9 9 7 7 5 5 3 1 1 1 1 1 3 5 7 9 11 13 15 17 17 15 13 11 9 9 9 7 7 7 5 5 1 3 5 7 9 11 13 15 17 17 17 17 19 15 19 13 21 11 23 11 11 25 9 9 11 27 7 7 13 5 5 15 3 3 17 1 1 19 1 21 3 23 5 25 7 27 29 27 25 23 21 19 17 13 15 29 29 17 17 19 21 23 25 27 29 29 27 25 23 21 17 17 15 13 11 9 9 7 17 15 13 11 9 7 5 3 3 1 1 1 1 1 7 5 5 3 3 1 9 11 13 15 17 19 21 23 23 23 25 27 7 9 11 11 13 15 17 19 21 23 25 27 7 5 29 29 29 27 27 27 25 25 25 23 23 21 23 21 19 21 17 21 19 15 11 29 27 25 23 21 19 19 17 15 13 11 11 13 15 17 19 21 23 25
tPnty 1 1 1 1 1 1 1 1 1 1 1 1 1 1 1 1 1 1 1 1 1 1 1 1 1 3 5 1 5 1 5 1 1 3 5 7 9 9 9 9 9 9 9 9 9 11 11 11 11 11 13 15 15 13 15 15 13 23 23 23 23 23 23 23 23 23 23 25 25 23 25 25 25 25 25 25 27 27 25 27 27 29 25 27 27 29 27 27 29 27 27 29 27 27 29 25 29 25 29 25 29 25 29 29 29 29 29 29 29 29 29 29 25 23 17 19 19 19 19 19 19 19 17 19 19 19 19 17 19 19 19 19 19 21 21 17 17 17 17 17 17 17 17 17 17 15 13 13 11 21 21 21 21 19 19 21 21 21 21 21 21 21 21 21 23 23 23 7 7 7 5 5 5 5 5 5 5 5 5 7 7 5 7 9 5 7 9 5 7 9 5 7 5 9 7 5 9 5 11 7 5 7 11 11 11 11 11 11 13 13 13 13 13 15 15 15 15 15 15 15 15
makeSpan 214
robNum 4
row0 1 0 0 1 0 1 0 1 0 1 0 1 0 1 0 1 3 2 2 3 2 3 2 3 2 3 2 3 5 4 4 5 4 5 4 5 4 5 4 5 4 5 4 5 4 5 4 5 4 5 4 5 7 6 6 7 6 7 6 7 6 7 6 7 6 7 6 7 6 7 6 7 6 7 6 7 9 8 8 9 8 9 8 9 8 9 8 9 8 9 8 9 8 9 8 9 8 9 8 9 11 10 10 11 10 11 10 11 10 11 10 11 13 12 12 13 12 13 12 13 12 13 14 15 14 15 14 15 14 15 14 15 14 15 16 17 16 17 16 17 16 17 16 17 16 17 16 17 18 19 18 19 18 19 20 21 20 21 20 21 22 23 22 23 22 23 24 25 24 25 24 25 26 27 26 27 26 27 28 29 28 29 28 29
col0 1 1 2 3 3 2 4 5 5 4 6 7 7 6 8 8 1 1 2 3 3 2 4 5 5 4 8 8 1 1 2 3 3 2 4 5 5 4 8 8 10 11 11 10 12 13 13 12 14 15 15 14 1 1 2 3 3 2 4 5 5 4 8 8 10 11 11 10 12 13 13 12 14 15 15 14 1 1 2 3 3 2 4 5 5 4 8 8 10 11 11 10 12 13 13 12 14 15 15 14 1 1 2 3 3 2 8 8 10 11 11 10 1 1 2 2 8 8 10 11 11 10 0 1 1 0 2 2 8 8 10 11 11 10 0 1 1 0 2 2 8 9 9 8 10 11 11 10 0 1 1 0 2 2 0 1 1 0 2 2 0 1 1 0 2 2 0 1 1 0 2 2 0 1 1 0 2 2 0 1 1 0 2 2
row1 0 1 0 1 0 1 0 1 0 1 0 1 2 3 2 3 2 3 2 3 2 3 2 3 4 5 4 5 4 5 4 5 4 5 4 5 6 7 6 7 6 7 6 7 6 7 6 7 8 9 8 9 8 9 8 9 8 9 8 9 10 11 10 11 10 11 10 11 10 10 11 12 13 12 13 12 13 13 12 12 13 14 15 14 15 14 15 15 14 14 15 16 17 16 17 16 17 16 17 17 16 16 17 16 17 18 19 18 19 18 19 18 19 19 18 18 19 18 19 20 21 20 21 20 21 20 21 21 20 20 21 20 21 22 23 22 23 23 22 22 23 22 23 24 25 24 25 25 24 24 25 24 25 26 27 26 27 27 26 26 27 26 27 29 28 28 29 28 29 28 29 28 29 29 28 28 29 28 29
col1 22 22 24 25 25 24 26 27 27 26 28 28 22 22 24 25 25 24 26 27 27 26 28 28 22 22 24 25 25 24 26 27 27 26 28 28 22 22 24 25 25 24 26 27 27 26 28 28 22 22 24 25 25 24 26 27 27 26 28 28 22 22 24 25 25 24 26 27 27 28 28 22 22 24 25 25 24 27 27 28 28 22 22 24 25 25 24 27 27 28 28 22 23 23 22 24 25 25 24 27 27 28 29 29 28 22 23 23 22 24 25 25 24 27 27 28 29 29 28 22 23 23 22 24 25 25 24 27 27 28 29 29 28 24 25 25 24 27 27 28 29 29 28 24 25 25 24 27 27 28 29 29 28 24 25 25 24 27 27 28 29 29 28 21 21 22 23 23 22 24 25 25 24 27 27 28 29 29 28
row2 0 1 0 1 0 1 0 1 0 1 0 1 0 1 0 1 0 1 0 1 0 1 2 3 2 3 2 3 2 3 2 3 2 3 2 3 2 3 2 3 2 3 2 3 4 5 4 5 4 5 4 5 4 5 6 7 6 7 6 7 6 7 6 7 8 9 8 9 8 9 8 9 8 9 10 11 10 11 10 11 10 11 10 12 13 12 13 12 13 13 12 14 15 14 15 14 15 15 14 16 17 16 17 16 17 16 17 17 16 18 19 18 19 18 19 18 19 19 18 20 21 20 21 20 21 20 21 21 20 22 23 22 23 22 23 22 23 23 22 22 23 22 23 24 25 24 25 24 25 24 25 25 24 24 25 24 25 26 27 26 27 26 27 26 27 27 26 26 27 26 27 28 29 28 29 28 29 28 29 28 29 28 29
col2 10 11 11 10 12 13 13 12 14 15 15 14 16 16 18 19 19 18 20 21 21 20 10 11 11 10 12 13 13 12 14 15 15 14 16 16 18 19 19 18 20 21 21 20 16 16 18 19 19 18 20 21 21 20 16 16 18 19 19 18 20 21 21 20 16 16 18 19 19 18 20 21 21 20 16 16 18 19 19 18 20 21 21 16 16 18 19 19 18 21 21 16 16 18 19 19 18 21 21 16 17 17 16 18 19 19 18 21 21 16 17 17 16 18 19 19 18 21 21 16 17 17 16 18 19 19 18 21 21 16 17 17 16 18 19 19 18 21 21 22 23 23 22 16 17 17 16 18 19 19 18 21 21 22 23 23 22 16 17 17 16 18 19 19 18 21 21 22 23 23 22 14 15 15 14 16 17 17 16 18 19 19 18
row3 2 3 2 3 4 5 4 5 6 7 6 7 8 9 8 9 10 11 10 11 10 11 10 11 10 10 11 10 11 10 11 12 13 12 13 12 13 12 13 12 13 12 13 12 13 14 15 14 15 14 15 14 15 14 15 14 15 14 15 16 17 16 17 16 17 16 17 16 17 16 17 16 17 18 19 18 19 18 19 18 19 18 19 18 19 18 19 18 19 18 19 18 19 18 19 20 21 20 21 20 21 20 21 20 21 20 21 20 21 20 21 20 21 20 21 20 21 22 23 22 23 22 23 22 23 22 23 22 23 22 23 22 23 22 23 22 23 22 23 24 25 24 25 24 25 24 25 24 25 24 25 24 25 24 25 24 25 24 25 24 25 26 27 26 27 26 27 26 27 26 27 26 27 26 27 26 27 26 27 26 27 26 27 28 29 28 29 28 29 28 29 28 29 28 29 28 29 28 29 28 29
col3 6 7 7 6 6 7 7 6 6 7 7 6 6 7 7 6 4 5 5 4 6 7 7 6 12 13 12 14 15 15 14 4 5 5 4 6 7 7 6 12 12 14 15 15 14 4 5 5 4 6 7 7 6 12 12 14 15 15 14 4 5 5 4 6 7 7 6 12 12 14 15 15 14 4 5 5 4 6 7 7 6 8 9 9 8 10 11 11 10 12 12 14 15 15 14 4 5 5 4 6 7 7 6 8 9 9 8 10 11 11 10 12 12 14 15 15 14 4 5 5 4 6 7 7 6 8 9 9 8 10 11 11 10 12 12 14 15 15 14 4 5 5 4 6 7 7 6 8 9 9 8 10 11 11 10 12 12 14 15 15 14 4 5 5 4 6 7 7 6 8 9 9 8 10 11 11 10 12 12 14 15 15 14 4 5 5 4 6 7 7 6 8 9 9 8 10 11 11 10 12 12
