g_sPntx 1 1 1 1 1 1 1 1 1 1 1 1 1 1 1 3 3 3 3 3 3 3 3 3 3 3 3 3 3 3 5 5 5 5 5 5 5 5 5 5 5 5 5 5 5 7 7 7 7 7 7 7 7 7 7 7 7 7 7 7 9 9 9 9 9 9 9 9 9 9 9 9 9 9 9 11 11 11 11 11 11 11 11 11 11 11 11 11 11 11 13 13 13 13 13 13 13 13 13 13 13 13 13 13 13 15 15 15 15 15 15 15 15 15 15 15 15 15 15 15 17 17 17 17 17 17 17 17 17 17 17 17 17 17 17 19 19 19 19 19 19 19 19 19 19 19 19 19 19 19 21 21 21 21 21 21 21 21 21 21 21 21 21 21 21 23 23 23 23 23 23 23 23 23 23 23 23 23 23 23 25 25 25 25 25 25 25 25 25 25 25 25 25 25 25 27 27 27 27 27 27 27 27 27 27 27 27 27 27 27 29 29 29 29 29 29 29 29 29 29 29 29 29 29 29
g_sPnty 1 3 5 7 9 11 13 15 17 19 21 23 25 27 29 1 3 5 7 9 11 13 15 17 19 21 23 25 27 29 1 3 5 7 9 11 13 15 17 19 21 23 25 27 29 1 3 5 7 9 11 13 15 17 19 21 23 25 27 29 1 3 5 7 9 11 13 15 17 19 21 23 25 27 29 1 3 5 7 9 11 13 15 17 19 21 23 25 27 29 1 3 5 7 9 11 13 15 17 19 21 23 25 27 29 1 3 5 7 9 11 13 15 17 19 21 23 25 27 29 1 3 5 7 9 11 13 15 17 19 21 23 25 27 29 1 3 5 7 9 11 13 15 17 19 21 23 25 27 29 1 3 5 7 9 11 13 15 17 19 21 23 25 27 29 1 3 5 7 9 11 13 15 17 19 21 23 25 27 29 1 3 5 7 9 11 13 15 17 19 21 23 25 27 29 1 3 5 7 9 11 13 15 17 19 21 23 25 27 29 1 3 5 7 9 11 13 15 17 19 21 23 25 27 29
g_tPntx 1 1 1 3 3 3 3 3 1 3 3 3 3 3 3 1 1 3 3 3 3 3 3 3 3 3 3 3 3 5 3 7 7 5 5 5 5 3 5 5 5 5 5 5 7 5 9 9 9 7 7 7 7 7 7 7 9 5 7 9 7 11 11 11 11 11 9 7 9 9 9 11 7 9 11 9 13 13 13 11 11 11 9 11 11 11 13 9 11 13 11 15 13 15 13 11 15 13 15 11 13 15 11 13 15 13 17 17 17 15 13 17 17 17 13 15 17 13 15 17 15 17 19 19 19 19 17 19 17 15 17 19 15 17 19 17 21 21 21 19 19 19 19 19 17 19 21 17 19 21 19 23 21 23 23 23 23 23 23 23 23 23 19 21 23 21 25 25 23 23 23 23 25 23 23 23 23 21 23 25 23 25 25 25 25 25 25 25 25 25 25 25 23 25 27 25 27 29 29 29 29 29 29 29 29 29 29 29 29 29 27 29 29 29 29 29 29 29 29 29 29 29 29 29 29
g_tPnty 1 1 3 7 9 11 13 15 19 19 21 23 25 27 29 1 3 3 5 7 9 11 13 15 21 23 25 27 29 29 1 3 5 5 7 9 15 15 15 17 19 21 23 25 29 1 3 5 7 7 9 11 17 19 21 23 23 25 25 29 1 3 5 7 9 11 15 15 15 17 19 23 25 25 29 1 3 5 7 11 13 15 15 15 17 19 23 25 25 29 1 3 3 7 11 11 13 17 17 19 19 23 25 25 29 1 3 5 7 11 11 13 15 17 19 19 23 25 25 29 1 5 5 7 9 11 15 15 15 19 19 23 25 25 29 1 3 5 7 11 13 15 17 19 19 19 23 25 25 29 1 3 3 7 9 11 13 15 17 19 21 23 25 25 29 1 3 5 9 11 13 15 15 15 17 19 21 25 25 29 1 5 7 9 11 13 15 17 19 21 23 25 25 25 29 1 1 5 7 9 11 13 15 17 19 21 23 25 27 29 1 1 3 5 7 9 11 13 15 17 19 21 23 25 27
STCPntx 1 1 1 1 1 1 1 1 1 1 1 1 1 1 1 3 3 3 3 3 3 3 3 3 3 3 3 3 3 3 5 5 5 5 5 5 5 5 5 5 5 5 5 5 5 7 7 7 7 7 7 7 7 7 7 7 7 7 7 7 9 9 9 9 9 9 9 9 9 9 9 9 9 9 9 11 11 11 11 11 11 11 11 11 11 11 11 11 11 11 13 13 13 13 13 13 13 13 13 13 13 13 13 13 13 15 15 15 15 15 15 15 15 15 15 15 15 15 15 15 17 17 17 17 17 17 17 17 17 17 17 17 17 17 17 19 19 19 19 19 19 19 19 19 19 19 19 19 19 19 21 21 21 21 21 21 21 21 21 21 21 21 21 21 21 23 23 23 23 23 23 23 23 23 23 23 23 23 23 23 25 25 25 25 25 25 25 25 25 25 25 25 25 25 25 27 27 27 27 27 27 27 27 27 27 27 27 27 27 27 29 29 29 29 29 29 29 29 29 29 29 29 29 29 29
STCPnty 1 3 5 7 9 11 13 15 17 19 21 23 25 27 29 1 3 5 7 9 11 13 15 17 19 21 23 25 27 29 1 3 5 7 9 11 13 15 17 19 21 23 25 27 29 1 3 5 7 9 11 13 15 17 19 21 23 25 27 29 1 3 5 7 9 11 13 15 17 19 21 23 25 27 29 1 3 5 7 9 11 13 15 17 19 21 23 25 27 29 1 3 5 7 9 11 13 15 17 19 21 23 25 27 29 1 3 5 7 9 11 13 15 17 19 21 23 25 27 29 1 3 5 7 9 11 13 15 17 19 21 23 25 27 29 1 3 5 7 9 11 13 15 17 19 21 23 25 27 29 1 3 5 7 9 11 13 15 17 19 21 23 25 27 29 1 3 5 7 9 11 13 15 17 19 21 23 25 27 29 1 3 5 7 9 11 13 15 17 19 21 23 25 27 29 1 3 5 7 9 11 13 15 17 19 21 23 25 27 29 1 3 5 7 9 11 13 15 17 19 21 23 25 27 29
rob0	set size = 140
rob1	set size = 84
rob2	set size = 84
rob3	set size = 216
rob4	set size = 86
rob5	set size = 214
max  = 216 min = 84
allNumSize = 225
sPntx0 17 19 19 19 19 19 15 15 13 13 19 19 17 17 15 15 13 11 11 9 17 13 11 11 9 17 9 15 17 13 9 9 17 11 9 15 13 11 13
sPnty0 15 15 13 11 17 19 17 13 17 13 21 9 21 9 9 21 21 21 19 21 19 9 9 11 9 11 11 11 13 11 13 19 17 13 17 19 19 17 15
tPntx0 15 17 19 19 19 19 15 15 15 15 19 19 19 19 17 17 15 13 11 11 17 15 13 11 11 17 11 15 15 13 9 11 15 9 9 15 13 9 13
tPnty0 15 15 15 13 15 17 15 15 17 13 19 11 21 9 9 21 21 21 21 21 21 9 9 9 9 9 11 9 13 9 11 19 17 13 19 21 21 17 13
sPntx1 3 1 5 1 7 1 9 1 11 1 1 3 3 3 3 3 3 1 1 1 1 1 1
sPnty1 1 3 1 5 1 7 1 9 1 11 13 3 5 7 9 11 13 15 17 19 21 23 25
tPntx1 1 1 3 1 5 1 7 1 9 1 1 1 1 1 1 1 1 1 1 1 1 1 1
tPnty1 1 1 1 3 1 5 1 7 1 9 11 3 5 7 9 11 13 13 15 17 19 21 23
sPntx2 29 27 29 25 29 23 29 29 21 29 19 29 27 27 27 27 27 27 27 17 29 27 15 13
sPnty2 3 1 5 1 7 1 9 11 1 13 1 15 3 5 7 9 11 13 15 1 17 17 1 1
tPntx2 29 29 29 27 29 25 29 29 23 29 21 29 29 29 29 29 29 29 29 19 29 29 17 15
tPnty2 1 1 3 1 5 1 7 9 1 11 1 13 3 5 7 9 11 13 15 1 15 17 1 1
sPntx3 1 3 3 3 3 3 3 3 5 5 5 5 5 5 5 7 9 7 11 13 15 17 19 21 23 25 25 25 25 9 23 11 21 13 19 15 17 5 5 5 5 5 7 9 11 13 15 5 7 9 11
sPnty3 27 27 25 23 21 19 17 15 15 17 19 21 23 25 27 27 27 25 27 27 27 27 27 27 27 27 25 23 21 25 25 25 25 25 25 25 25 13 11 9 7 5 5 5 5 5 5 3 3 3 3
tPntx3 1 1 3 3 3 3 3 3 3 5 5 5 5 5 5 5 7 7 9 11 13 15 17 19 21 23 25 25 25 9 23 11 21 13 19 15 17 5 5 5 5 5 5 7 9 11 13 5 7 9 11
tPnty3 29 27 27 25 23 21 19 17 15 15 17 19 21 23 25 27 27 27 27 27 27 27 27 27 27 27 27 25 23 27 27 27 27 27 27 27 27 15 13 11 9 7 5 5 5 5 5 5 5 5 5
sPntx4 29 27 25 29 23 29 21 29 19 29 17 27 27 27 27 27 15 13 11 9 7 5 3
sPnty4 27 29 29 25 29 23 29 21 29 19 29 27 25 23 21 19 29 29 29 29 29 29 29
tPntx4 29 29 27 29 25 29 23 29 21 29 19 29 29 29 29 29 17 15 13 11 9 7 5
tPnty4 29 29 29 27 29 25 29 23 29 21 29 27 25 23 21 19 29 29 29 29 29 29 29
sPntx5 9 7 7 7 7 7 9 11 7 7 7 7 9 11 13 13 15 17 19 21 15 17 19 21 23 23 23 23 23 23 21 23 23 25 25 25 25 25 25 25 25 25 23 21 19 23 17 15 13 21 19 17 23 21 21 21 21 21 21
sPnty5 15 15 13 11 9 7 7 7 17 19 21 23 23 23 23 7 7 7 7 7 23 23 23 23 7 23 9 21 11 19 9 13 15 15 13 11 9 7 5 17 19 3 3 3 3 5 3 3 3 5 5 5 17 11 21 13 19 15 17
tPntx5 11 9 7 7 7 7 7 9 7 7 7 7 7 9 11 11 13 15 17 19 13 15 17 19 21 21 23 23 23 23 23 23 23 23 25 25 25 25 25 25 25 25 25 23 21 23 19 17 15 21 19 17 23 23 23 23 23 23 23
tPnty5 15 15 15 13 11 9 7 7 15 17 19 21 23 23 23 7 7 7 7 7 23 23 23 23 7 23 7 23 9 21 9 11 13 15 15 13 11 9 7 15 17 5 3 3 3 3 3 3 3 3 3 3 15 11 21 13 19 15 17
path_x0 15.5 16.5 17.5 18.5 18.5 18.5 18.5 18.5 18.5 17.5 17.5 16.5 16.5 15.5 15.5 14.5 14.5 13.5 13.5 12.5 12.5 11.5 11.5 10.5 10.5 9.5 9.5 10.5 10.5 9.5 9.5 9.5 9.5 10.5 10.5 9.5 10.5 11.5 12.5 13.5 14.5 15.5 16.5 17.5 18.5 19.5 19.5 19.5 19.5 19.5 19.5 19.5 19.5 19.5 19.5 19.5 19.5 18.5 17.5 16.5 15.5 14.5 13.5 12.5 11.5 10.5 9.5 10.5 10.5 9.5 9.5 9.5 9.5 10.5 10.5 9.5 9.5 10.5 10.5 11.5 11.5 12.5 12.5 13.5 13.5 14.5 14.5 15.5 15.5 16.5 16.5 17.5 17.5 18.5 18.5 18.5 18.5 18.5 18.5 17.5 16.5 15.5 15.5 16.5 16.5 15.5 14.5 13.5 12.5 12.5 12.5 12.5 12.5 12.5 13.5 14.5 15.5 15.5 15.5 15.5 14.5 13.5 12.5 12.5 13.5 14.5 15.5 16.5 16.5 15.5
path_y0 15.5 15.5 15.5 15.5 16.5 17.5 18.5 19.5 20.5 20.5 19.5 19.5 20.5 20.5 19.5 19.5 20.5 20.5 19.5 19.5 20.5 20.5 19.5 19.5 18.5 18.5 17.5 17.5 16.5 16.5 17.5 18.5 19.5 19.5 20.5 20.5 20.5 20.5 20.5 20.5 20.5 20.5 20.5 20.5 20.5 20.5 19.5 18.5 17.5 16.5 15.5 14.5 13.5 12.5 11.5 10.5 9.5 9.5 9.5 9.5 9.5 9.5 9.5 9.5 9.5 9.5 9.5 9.5 10.5 10.5 11.5 12.5 13.5 13.5 12.5 12.5 11.5 11.5 10.5 10.5 9.5 9.5 10.5 10.5 9.5 9.5 10.5 10.5 9.5 9.5 10.5 10.5 9.5 9.5 10.5 11.5 12.5 13.5 14.5 14.5 14.5 14.5 13.5 13.5 12.5 12.5 12.5 12.5 12.5 13.5 14.5 15.5 14.5 13.5 13.5 13.5 13.5 14.5 15.5 16.5 16.5 16.5 16.5 17.5 17.5 17.5 17.5 17.5 16.5 16.5
path_len 130
path_x1 0.5 0.5 0.5 0.5 0.5 0.5 0.5 0.5 0.5 0.5 0.5 0.5 0.5 0.5 0.5 0.5 0.5 0.5 0.5 0.5 0.5 0.5 0.5 0.5 0.5 0.5 1.5 1.5 1.5 1.5 1.5 1.5 1.5 1.5 1.5 1.5 1.5 1.5 1.5 2.5 2.5 1.5 1.5 2.5 2.5 1.5 1.5 2.5 2.5 1.5 1.5 2.5 2.5 1.5 1.5 2.5 2.5 1.5 1.5 2.5 2.5 1.5 1.5 2.5 3.5 4.5 5.5 6.5 7.5 8.5 9.5 10.5 11.5 11.5 10.5 9.5 8.5 7.5 6.5 5.5 4.5 3.5 2.5 1.5
path_y1 0.5 1.5 2.5 3.5 4.5 5.5 6.5 7.5 8.5 9.5 10.5 11.5 12.5 13.5 14.5 15.5 16.5 17.5 18.5 19.5 20.5 21.5 22.5 23.5 24.5 25.5 25.5 24.5 23.5 22.5 21.5 20.5 19.5 18.5 17.5 16.5 15.5 14.5 13.5 13.5 12.5 12.5 11.5 11.5 10.5 10.5 9.5 9.5 8.5 8.5 7.5 7.5 6.5 6.5 5.5 5.5 4.5 4.5 3.5 3.5 2.5 2.5 1.5 1.5 1.5 1.5 1.5 1.5 1.5 1.5 1.5 1.5 1.5 0.5 0.5 0.5 0.5 0.5 0.5 0.5 0.5 0.5 0.5 0.5
path_len 84
path_x2 29.5 28.5 27.5 26.5 25.5 24.5 23.5 22.5 21.5 20.5 19.5 18.5 17.5 16.5 15.5 14.5 13.5 12.5 12.5 13.5 14.5 15.5 16.5 17.5 18.5 19.5 20.5 21.5 22.5 23.5 24.5 25.5 26.5 27.5 28.5 28.5 27.5 27.5 28.5 28.5 27.5 27.5 28.5 28.5 27.5 27.5 28.5 28.5 27.5 27.5 28.5 28.5 27.5 27.5 28.5 28.5 27.5 27.5 28.5 28.5 27.5 27.5 28.5 28.5 27.5 27.5 28.5 29.5 29.5 29.5 29.5 29.5 29.5 29.5 29.5 29.5 29.5 29.5 29.5 29.5 29.5 29.5 29.5 29.5
path_y2 0.5 0.5 0.5 0.5 0.5 0.5 0.5 0.5 0.5 0.5 0.5 0.5 0.5 0.5 0.5 0.5 0.5 0.5 1.5 1.5 1.5 1.5 1.5 1.5 1.5 1.5 1.5 1.5 1.5 1.5 1.5 1.5 1.5 1.5 1.5 2.5 2.5 3.5 3.5 4.5 4.5 5.5 5.5 6.5 6.5 7.5 7.5 8.5 8.5 9.5 9.5 10.5 10.5 11.5 11.5 12.5 12.5 13.5 13.5 14.5 14.5 15.5 15.5 16.5 16.5 17.5 17.5 17.5 16.5 15.5 14.5 13.5 12.5 11.5 10.5 9.5 8.5 7.5 6.5 5.5 4.5 3.5 2.5 1.5
path_len 84
path_x3 0.5 0.5 0.5 0.5 1.5 2.5 2.5 2.5 2.5 2.5 2.5 2.5 2.5 2.5 2.5 2.5 2.5 2.5 3.5 4.5 4.5 4.5 4.5 4.5 4.5 4.5 4.5 4.5 4.5 4.5 4.5 5.5 5.5 6.5 6.5 7.5 7.5 8.5 8.5 9.5 9.5 10.5 10.5 11.5 11.5 12.5 13.5 14.5 15.5 14.5 13.5 12.5 11.5 10.5 9.5 8.5 7.5 6.5 5.5 4.5 4.5 4.5 4.5 4.5 4.5 4.5 4.5 4.5 4.5 4.5 4.5 4.5 4.5 4.5 4.5 4.5 4.5 4.5 4.5 4.5 4.5 5.5 5.5 6.5 6.5 7.5 7.5 8.5 8.5 9.5 9.5 10.5 10.5 11.5 11.5 12.5 12.5 13.5 13.5 14.5 14.5 15.5 15.5 16.5 16.5 17.5 17.5 18.5 18.5 19.5 19.5 20.5 20.5 21.5 21.5 22.5 22.5 23.5 23.5 24.5 24.5 24.5 24.5 24.5 24.5 24.5 25.5 25.5 25.5 25.5 25.5 25.5 25.5 24.5 23.5 22.5 21.5 20.5 19.5 18.5 17.5 16.5 15.5 14.5 13.5 12.5 11.5 10.5 9.5 8.5 7.5 6.5 5.5 4.5 4.5 4.5 4.5 4.5 4.5 4.5 4.5 4.5 4.5 4.5 4.5 3.5 2.5 2.5 2.5 2.5 2.5 2.5 2.5 2.5 2.5 2.5 2.5 2.5 2.5 1.5 1.5 1.5
path_y3 29.5 28.5 27.5 26.5 26.5 26.5 25.5 24.5 23.5 22.5 21.5 20.5 19.5 18.5 17.5 16.5 15.5 14.5 14.5 14.5 13.5 12.5 11.5 10.5 9.5 8.5 7.5 6.5 5.5 4.5 3.5 3.5 4.5 4.5 3.5 3.5 4.5 4.5 3.5 3.5 4.5 4.5 3.5 3.5 4.5 4.5 4.5 4.5 4.5 4.5 4.5 4.5 4.5 4.5 4.5 4.5 4.5 4.5 4.5 4.5 5.5 6.5 7.5 8.5 9.5 10.5 11.5 12.5 13.5 14.5 15.5 16.5 17.5 18.5 19.5 20.5 21.5 22.5 23.5 24.5 25.5 25.5 26.5 26.5 25.5 25.5 26.5 26.5 25.5 25.5 26.5 26.5 25.5 25.5 26.5 26.5 25.5 25.5 26.5 26.5 25.5 25.5 26.5 26.5 25.5 25.5 26.5 26.5 25.5 25.5 26.5 26.5 25.5 25.5 26.5 26.5 25.5 25.5 26.5 26.5 25.5 24.5 23.5 22.5 21.5 20.5 20.5 21.5 22.5 23.5 24.5 25.5 26.5 26.5 26.5 26.5 26.5 26.5 26.5 26.5 26.5 26.5 26.5 26.5 26.5 26.5 26.5 26.5 26.5 26.5 26.5 26.5 26.5 26.5 25.5 24.5 23.5 22.5 21.5 20.5 19.5 18.5 17.5 16.5 15.5 15.5 15.5 16.5 17.5 18.5 19.5 20.5 21.5 22.5 23.5 24.5 25.5 26.5 27.5 27.5 28.5 29.5
path_len 182
path_x4 29.5 28.5 27.5 26.5 25.5 24.5 23.5 22.5 21.5 20.5 19.5 18.5 17.5 16.5 15.5 14.5 13.5 12.5 11.5 10.5 9.5 8.5 7.5 6.5 5.5 4.5 3.5 2.5 2.5 3.5 4.5 5.5 6.5 7.5 8.5 9.5 10.5 11.5 12.5 13.5 14.5 15.5 16.5 17.5 18.5 19.5 20.5 21.5 22.5 23.5 24.5 25.5 26.5 27.5 28.5 28.5 27.5 27.5 28.5 28.5 27.5 27.5 28.5 28.5 27.5 27.5 28.5 28.5 27.5 27.5 28.5 28.5 27.5 27.5 28.5 29.5 29.5 29.5 29.5 29.5 29.5 29.5 29.5 29.5 29.5 29.5
path_y4 29.5 29.5 29.5 29.5 29.5 29.5 29.5 29.5 29.5 29.5 29.5 29.5 29.5 29.5 29.5 29.5 29.5 29.5 29.5 29.5 29.5 29.5 29.5 29.5 29.5 29.5 29.5 29.5 28.5 28.5 28.5 28.5 28.5 28.5 28.5 28.5 28.5 28.5 28.5 28.5 28.5 28.5 28.5 28.5 28.5 28.5 28.5 28.5 28.5 28.5 28.5 28.5 28.5 28.5 28.5 27.5 27.5 26.5 26.5 25.5 25.5 24.5 24.5 23.5 23.5 22.5 22.5 21.5 21.5 20.5 20.5 19.5 19.5 18.5 18.5 18.5 19.5 20.5 21.5 22.5 23.5 24.5 25.5 26.5 27.5 28.5
path_len 86
path_x5 10.5 10.5 9.5 8.5 7.5 7.5 7.5 7.5 7.5 7.5 7.5 7.5 8.5 9.5 10.5 11.5 12.5 13.5 14.5 15.5 16.5 17.5 18.5 19.5 20.5 21.5 22.5 22.5 21.5 21.5 22.5 22.5 21.5 21.5 22.5 22.5 21.5 21.5 22.5 22.5 21.5 21.5 22.5 22.5 21.5 21.5 22.5 22.5 22.5 23.5 24.5 24.5 24.5 24.5 24.5 25.5 25.5 25.5 25.5 25.5 25.5 25.5 25.5 25.5 25.5 25.5 25.5 25.5 25.5 25.5 25.5 25.5 24.5 23.5 22.5 21.5 20.5 19.5 18.5 17.5 16.5 15.5 14.5 13.5 12.5 13.5 14.5 15.5 16.5 16.5 17.5 17.5 18.5 18.5 19.5 19.5 20.5 20.5 21.5 21.5 22.5 22.5 23.5 23.5 24.5 24.5 24.5 24.5 24.5 24.5 24.5 24.5 24.5 24.5 24.5 24.5 23.5 22.5 22.5 22.5 22.5 22.5 22.5 22.5 22.5 22.5 21.5 20.5 19.5 18.5 17.5 16.5 15.5 14.5 13.5 12.5 11.5 10.5 9.5 8.5 7.5 6.5 6.5 6.5 6.5 6.5 6.5 6.5 6.5 6.5 6.5 6.5 6.5 6.5 6.5 6.5 6.5 6.5 6.5 7.5 8.5 9.5 10.5 11.5 12.5 13.5 14.5 15.5 16.5 17.5 18.5 19.5 20.5 21.5 22.5 22.5 22.5 22.5 22.5 22.5 21.5 21.5 22.5 22.5 21.5 21.5 22.5 22.5 21.5 20.5 19.5 18.5 17.5 16.5 15.5 14.5 13.5 12.5 11.5 10.5 9.5 8.5 7.5 7.5 7.5 7.5 7.5 7.5 7.5 7.5 8.5 9.5
path_y5 15.5 14.5 14.5 14.5 14.5 13.5 12.5 11.5 10.5 9.5 8.5 7.5 7.5 7.5 7.5 7.5 7.5 7.5 7.5 7.5 7.5 7.5 7.5 7.5 7.5 7.5 7.5 8.5 8.5 9.5 9.5 10.5 10.5 11.5 11.5 12.5 12.5 13.5 13.5 14.5 14.5 15.5 15.5 16.5 16.5 17.5 17.5 16.5 15.5 15.5 15.5 16.5 17.5 18.5 19.5 19.5 18.5 17.5 16.5 15.5 14.5 13.5 12.5 11.5 10.5 9.5 8.5 7.5 6.5 5.5 4.5 3.5 3.5 3.5 3.5 3.5 3.5 3.5 3.5 3.5 3.5 3.5 3.5 3.5 3.5 3.5 3.5 3.5 3.5 4.5 4.5 3.5 3.5 4.5 4.5 3.5 3.5 4.5 4.5 3.5 3.5 4.5 4.5 3.5 3.5 4.5 5.5 6.5 7.5 8.5 9.5 10.5 11.5 12.5 13.5 14.5 14.5 14.5 13.5 12.5 11.5 10.5 9.5 8.5 7.5 6.5 6.5 6.5 6.5 6.5 6.5 6.5 6.5 6.5 6.5 6.5 6.5 6.5 6.5 6.5 6.5 6.5 7.5 8.5 9.5 10.5 11.5 12.5 13.5 14.5 15.5 16.5 17.5 18.5 19.5 20.5 21.5 22.5 23.5 23.5 23.5 23.5 23.5 23.5 23.5 23.5 23.5 23.5 23.5 23.5 23.5 23.5 23.5 23.5 23.5 22.5 21.5 20.5 19.5 18.5 18.5 19.5 19.5 20.5 20.5 21.5 21.5 22.5 22.5 22.5 22.5 22.5 22.5 22.5 22.5 22.5 22.5 22.5 22.5 22.5 22.5 22.5 22.5 21.5 20.5 19.5 18.5 17.5 16.5 15.5 15.5 15.5
path_len 212
sPntx 17 19 19 19 19 19 15 15 13 13 19 19 17 17 15 15 13 11 11 9 17 13 11 11 9 17 9 15 17 13 9 9 17 11 9 15 13 11 13 3 1 5 1 7 1 9 1 11 1 1 3 3 3 3 3 3 1 1 1 1 1 1 29 27 29 25 29 23 29 29 21 29 19 29 27 27 27 27 27 27 27 17 29 27 15 13 1 3 3 3 3 3 3 3 5 5 5 5 5 5 5 7 9 7 11 13 15 17 19 21 23 25 25 25 25 9 23 11 21 13 19 15 17 5 5 5 5 5 7 9 11 13 15 5 7 9 11 29 27 25 29 23 29 21 29 19 29 17 27 27 27 27 27 15 13 11 9 7 5 3 9 7 7 7 7 7 9 11 7 7 7 7 9 11 13 13 15 17 19 21 15 17 19 21 23 23 23 23 23 23 21 23 23 25 25 25 25 25 25 25 25 25 23 21 19 23 17 15 13 21 19 17 23 21 21 21 21 21 21
sPnty 15 15 13 11 17 19 17 13 17 13 21 9 21 9 9 21 21 21 19 21 19 9 9 11 9 11 11 11 13 11 13 19 17 13 17 19 19 17 15 1 3 1 5 1 7 1 9 1 11 13 3 5 7 9 11 13 15 17 19 21 23 25 3 1 5 1 7 1 9 11 1 13 1 15 3 5 7 9 11 13 15 1 17 17 1 1 27 27 25 23 21 19 17 15 15 17 19 21 23 25 27 27 27 25 27 27 27 27 27 27 27 27 25 23 21 25 25 25 25 25 25 25 25 13 11 9 7 5 5 5 5 5 5 3 3 3 3 27 29 29 25 29 23 29 21 29 19 29 27 25 23 21 19 29 29 29 29 29 29 29 15 15 13 11 9 7 7 7 17 19 21 23 23 23 23 7 7 7 7 7 23 23 23 23 7 23 9 21 11 19 9 13 15 15 13 11 9 7 5 17 19 3 3 3 3 5 3 3 3 5 5 5 17 11 21 13 19 15 17
tPntx 15 17 19 19 19 19 15 15 15 15 19 19 19 19 17 17 15 13 11 11 17 15 13 11 11 17 11 15 15 13 9 11 15 9 9 15 13 9 13 1 1 3 1 5 1 7 1 9 1 1 1 1 1 1 1 1 1 1 1 1 1 1 29 29 29 27 29 25 29 29 23 29 21 29 29 29 29 29 29 29 29 19 29 29 17 15 1 1 3 3 3 3 3 3 3 5 5 5 5 5 5 5 7 7 9 11 13 15 17 19 21 23 25 25 25 9 23 11 21 13 19 15 17 5 5 5 5 5 5 7 9 11 13 5 7 9 11 29 29 27 29 25 29 23 29 21 29 19 29 29 29 29 29 17 15 13 11 9 7 5 11 9 7 7 7 7 7 9 7 7 7 7 7 9 11 11 13 15 17 19 13 15 17 19 21 21 23 23 23 23 23 23 23 23 25 25 25 25 25 25 25 25 25 23 21 23 19 17 15 21 19 17 23 23 23 23 23 23 23
tPnty 15 15 15 13 15 17 15 15 17 13 19 11 21 9 9 21 21 21 21 21 21 9 9 9 9 9 11 9 13 9 11 19 17 13 19 21 21 17 13 1 1 1 3 1 5 1 7 1 9 11 3 5 7 9 11 13 13 15 17 19 21 23 1 1 3 1 5 1 7 9 1 11 1 13 3 5 7 9 11 13 15 1 15 17 1 1 29 27 27 25 23 21 19 17 15 15 17 19 21 23 25 27 27 27 27 27 27 27 27 27 27 27 27 25 23 27 27 27 27 27 27 27 27 15 13 11 9 7 5 5 5 5 5 5 5 5 5 29 29 29 27 29 25 29 23 29 21 29 27 25 23 21 19 29 29 29 29 29 29 29 15 15 15 13 11 9 7 7 15 17 19 21 23 23 23 7 7 7 7 7 23 23 23 23 7 23 7 23 9 21 9 11 13 15 15 13 11 9 7 15 17 5 3 3 3 3 3 3 3 3 3 3 15 11 21 13 19 15 17
makeSpan 212
robNum 6
row0 9 9 9 9 9 9 9 9 9 9 11 10 10 10 11 10 10 10 10 10 11 10 10 11 13 12 12 13 12 13 12 13 12 12 12 13 12 13 13 12 12 13 15 14 14 15 14 15 14 15 15 15 14 15 14 15 15 14 14 15 17 16 16 17 16 16 16 17 16 17 16 16 17 16 16 17 19 18 18 19 18 19 18 19 18 19 18 19 18 19 18 19 18 19 18 19 18 19 18 19
col0 9 11 10 13 12 17 16 19 18 20 9 9 10 11 10 12 13 16 17 18 19 19 20 20 9 9 10 10 12 13 13 12 14 15 16 17 17 16 19 19 20 20 9 9 10 10 12 13 13 12 15 14 16 17 17 16 19 19 20 20 9 9 10 10 12 13 14 15 15 14 16 17 19 19 20 20 9 9 10 11 11 10 12 13 13 12 14 15 15 14 16 17 17 16 18 19 19 18 20 20
row1 0 1 0 1 0 1 0 1 0 1 0 1 0 1 0 1 0 1 0 1 0 1 0 1 0 1 0 1 0 1 0 1 0 1 0 1 0 1 0 1 0 1 0 1 0 1 0 1 0 1 0 1 2 3 2 3 2 2 2 2 2 2 2 2 2 2 2 2 4 5 4 5 6 7 6 7 8 9 8 9 10 11 10 11
col1 0 1 1 0 2 3 3 2 4 5 5 4 6 7 7 6 8 9 9 8 10 11 11 10 12 13 13 12 14 15 15 14 16 17 17 16 18 19 19 18 20 21 21 20 22 23 23 22 24 25 25 24 0 1 1 0 2 3 4 5 6 7 8 9 10 11 12 13 0 1 1 0 0 1 1 0 0 1 1 0 0 1 1 0
row2 12 13 12 13 14 15 14 15 16 17 16 17 18 19 18 19 20 21 20 21 22 23 22 23 24 25 24 25 26 27 26 27 27 27 27 27 27 27 27 27 27 27 27 27 27 27 27 27 28 29 28 29 28 29 28 29 28 29 28 29 28 29 28 29 28 29 28 29 28 29 28 29 28 29 28 29 28 29 28 29 28 29 28 29
col2 0 1 1 0 0 1 1 0 0 1 1 0 0 1 1 0 0 1 1 0 0 1 1 0 0 1 1 0 0 1 1 0 3 2 5 4 7 6 9 8 11 10 13 12 15 14 17 16 0 1 1 0 2 3 3 2 4 5 5 4 6 7 7 6 8 9 9 8 10 11 11 10 12 13 13 12 14 15 15 14 16 17 17 16
row3 0 1 0 1 0 1 0 1 2 3 2 3 2 2 2 2 2 2 2 2 2 2 2 2 5 4 4 4 5 4 4 4 4 4 4 4 4 4 4 4 4 4 4 4 4 4 4 4 5 4 4 5 7 6 6 7 7 6 6 7 9 8 8 9 9 8 8 9 11 10 10 11 11 10 10 11 12 13 13 12 12 13 14 15 15 14 14 15 17 16 16 17 19 18 18 19 21 20 20 21 23 22 22 23 24 25 24 25 24 25 24 25 24 25 24 25 24 25
col3 26 27 27 26 28 29 29 28 14 15 15 14 16 17 18 19 20 21 22 23 24 25 26 27 3 3 4 5 4 6 7 8 9 10 11 12 13 14 15 16 17 18 19 20 21 22 23 24 25 25 26 26 3 3 4 4 25 25 26 26 3 3 4 4 25 25 26 26 3 3 4 4 25 25 26 26 4 4 25 25 26 26 4 4 25 25 26 26 25 25 26 26 25 25 26 26 25 25 26 26 25 25 26 26 20 21 21 20 22 23 23 22 24 25 25 24 26 26
row4 2 3 2 3 4 5 4 5 6 7 6 7 8 9 8 9 10 11 10 11 12 13 12 13 14 15 14 15 16 17 16 17 18 19 18 19 20 21 20 21 22 23 22 23 24 25 24 25 27 27 27 27 27 27 27 27 27 27 26 27 26 27 28 29 28 29 28 29 28 29 28 29 28 29 28 29 28 29 28 29 28 29 28 29 28 29
col4 28 29 29 28 28 29 29 28 28 29 29 28 28 29 29 28 28 29 29 28 28 29 29 28 28 29 29 28 28 29 29 28 28 29 29 28 28 29 29 28 28 29 29 28 28 29 29 28 19 18 21 20 23 22 25 24 27 26 28 29 29 28 18 19 19 18 20 21 21 20 22 23 23 22 24 25 25 24 26 27 27 26 28 29 29 28
row5 6 7 6 7 6 7 6 7 6 7 6 7 6 7 6 7 6 7 6 7 6 7 6 7 6 7 6 7 6 7 6 7 6 7 6 7 8 9 8 9 8 9 8 9 8 9 8 9 10 11 10 11 10 10 10 11 10 11 13 12 12 13 12 13 12 13 12 13 15 14 14 15 14 15 14 15 14 15 17 16 16 17 16 17 16 17 16 17 16 17 19 18 18 19 18 19 18 19 18 19 18 19 21 20 20 21 20 21 20 21 21 21 21 21 21 21 21 21 21 21 21 21 21 21 20 21 20 21 23 22 22 23 22 22 22 22 22 22 22 22 22 23 22 23 22 22 22 22 22 22 22 22 25 24 24 25 24 25 24 25 24 25 24 25 24 25 24 25 24 25 24 25 24 25 24 25 24 25 24 25 24 25 24 25 24 25
col5 6 7 7 6 8 9 9 8 10 11 11 10 12 13 13 12 14 15 15 14 16 17 17 16 18 19 19 18 20 21 21 20 22 23 23 22 6 7 7 6 14 15 15 14 22 23 23 22 6 7 7 6 14 15 22 23 23 22 3 3 6 7 7 6 22 23 23 22 3 3 6 7 7 6 22 23 23 22 3 3 4 4 6 7 7 6 22 23 23 22 3 3 4 4 6 7 7 6 22 23 23 22 3 3 4 4 6 7 7 6 9 8 11 10 13 12 15 14 17 16 19 18 21 20 22 23 23 22 3 3 4 4 6 7 8 9 10 11 12 13 14 15 15 14 16 17 18 19 20 21 22 23 3 3 4 5 5 4 6 7 7 6 8 9 9 8 10 11 11 10 12 13 13 12 14 15 15 14 16 17 17 16 18 19 19 18
