time 2018-08-23 20:55:33
row  15
col  15
robRow  12
robCol  9
robReachRowLst  7 6 11 7 14 13 0 1 0 3 2 1 8 4 9 6 11 10 6 12 14 13 0 1 3 2 9 8 5 4 10 9 6 11 12 14 13 3 1 8 3 2 9 5 10 7 14 13 12 13 0 3 8 4 2 9 5 7 6 12 11 14 13 12 1 0 3 2 1 8 4 10 9 6 5 11 10 6 12 11 14 13 0 1 0 4 3 2 9 8 5 4 10 9 6 5 11 7 14 14 13 0 8 4 3 2 9 8 5 6 11 7 14 12 13 3 1 8 4 2 9 10 11 7 14 13 12 1 0 3 2 1 8 4 2 9 6 5 11 10 7 6 12 7 14 13 0 1 0 3 9 8 5 10 6 11 10 7 14 12 14 13 0 3 8 4 3 2 8 5 10 6 11 7 14 12 0 1 8 4 2 9 10 6 11 7 14 13 13 0 3 2 1 8 9
robReachColLst  3 9 11 12 4 4 7 6 10 7 5 11 5 0 0 7 5 7 10 6 1 7 4 1 2 6 14 2 11 5 13 3 0 0 11 2 10 12 12 12 1 11 9 14 14 8 8 0 8 13 14 11 9 12 12 4 1 2 14 2 10 5 3 13 5 11 6 2 10 6 1 9 7 4 4 4 4 11 7 9 6 6 5 0 8 11 5 7 13 3 10 6 10 2 1 7 3 4 12 3 9 2 13 8 0 8 8 0 13 2 14 11 9 9 12 10 14 10 13 13 11 0 13 14 10 2 14 4 12 9 3 9 7 2 14 6 5 3 7 5 0 8 0 13 7 5 6 7 9 4 12 4 9 11 6 2 6 7 13 5 0 8 3 14 14 9 3 9 1 12 12 3 1 10 14 10 0 13 11 14 10 10 1 12 12 9 11 1 14 13 8 0 8 8 5
robUnReachRowLst  0 1 1 2 2 3 4 4 4 4 5 5 5 5 5 6 7 7 7 9 10 10 10 11 11 12 12 12 12 13
robUnReachColLst  1 2 3 1 4 13 3 4 7 10 0 2 5 6 8 13 1 5 6 1 2 3 8 6 8 1 3 4 12 11
grid  1 0 1 1 1 1 1 1 1 1 1 1 1 1 1 1 1 0 0 1 1 1 1 1 1 1 1 1 1 1 1 0 1 1 0 1 1 1 1 1 1 1 1 1 1 1 1 1 1 1 1 1 1 1 1 1 1 1 0 1 1 1 1 0 0 1 1 0 1 1 0 1 1 1 1 0 1 0 1 1 0 0 1 0 1 1 1 1 1 1 1 1 1 1 1 1 1 1 1 1 1 1 1 0 1 1 0 1 1 1 0 0 1 1 1 1 1 1 1 1 1 1 1 1 1 1 1 1 1 1 1 1 1 1 1 1 0 1 1 1 1 1 1 1 1 1 1 1 1 1 1 1 0 0 1 1 1 1 0 1 1 1 1 1 1 1 1 1 1 1 1 0 1 0 1 1 1 1 1 1 1 0 1 0 0 1 1 1 1 1 1 1 0 1 1 1 1 1 1 1 1 1 1 1 1 1 0 1 1 1 1 1 1 1 1 1 1 1 1 1 1 1 1 1 1
obRow  0 1 1 2 2 3 4 4 4 4 5 5 5 5 5 6 7 7 7 9 10 10 10 11 11 12 12 12 12 13
obCol  1 2 3 1 4 13 3 4 7 10 0 2 5 6 8 13 1 5 6 1 2 3 8 6 8 1 3 4 12 11
