time 2018-07-27 16:00:34
row  20
col  20
robRow 12 19
robCol 3 4
robReachRowLst  0 0 0 0 0 0 0 0 0 0 0 0 0 0 0 0 0 1 1 1 1 1 1 1 1 1 1 1 1 1 1 1 1 1 1 1 2 2 2 2 2 2 2 2 2 2 3 3 3 3 3 3 3 3 3 4 4 4 4 4 4 4 4 4 4 4 4 4 4 4 4 5 5 5 5 5 5 5 5 5 5 5 5 5 6 6 6 6 6 6 6 6 6 6 6 6 6 7 7 7 7 7 7 7 7 7 7 7 7 7 8 8 8 8 8 8 8 8 8 8 8 8 8 9 9 9 9 9 9 9 9 9 9 9 9 9 10 10 10 10 10 10 10 10 10 10 10 10 10 11 11 11 11 11 11 11 11 11 11 11 11 11 11 11 12 12 12 12 12 12 12 12 12 12 12 12 12 12 13 13 13 13 13 13 13 13 13 13 13 13 13 13 13 13 14 14 14 14 14 14 14 14 14 14 14 14 14 14 14 15 15 15 15 15 15 15 15 15 15 15 15 15 15 15 15 15 15 16 16 16 16 16 16 16 16 16 16 16 16 16 16 16 16 16 16 16 16 17 17 17 17 17 17 17 17 17 17 17 17 17 17 17 17 17 17 17 17 18 18 18 18 18 18 18 18 18 18 18 18 18 18 18 18 18 18 19 19 19 19 19 19 19 19 19 19 19 19 19 19 19 19 19 19
robReachColLst  0 1 2 3 4 5 6 7 8 9 10 11 12 13 14 15 16 0 1 2 3 4 5 6 7 8 9 10 11 12 13 14 15 16 17 18 1 2 3 4 5 14 15 16 17 18 2 3 4 5 14 15 16 17 18 2 3 4 5 6 7 8 9 10 11 14 15 16 17 18 19 2 3 4 5 6 10 11 14 15 16 17 18 19 2 3 4 5 6 10 11 14 15 16 17 18 19 2 3 4 5 6 10 11 14 15 16 17 18 19 2 3 4 5 6 10 11 14 15 16 17 18 19 2 3 4 5 6 10 11 14 15 16 17 18 19 2 3 4 5 6 10 11 14 15 16 17 18 19 2 3 4 5 6 7 8 9 10 11 14 15 16 17 19 2 3 4 5 6 7 8 9 10 11 14 15 16 18 2 3 4 5 6 7 8 9 10 11 14 15 16 17 18 19 2 3 4 5 6 7 8 9 10 11 12 13 14 15 16 1 2 3 4 5 6 7 8 9 10 11 12 13 14 15 16 17 19 0 1 2 3 4 5 6 7 8 9 10 11 12 13 14 15 16 17 18 19 0 1 2 3 4 5 6 7 8 9 10 11 12 13 14 15 16 17 18 19 2 3 4 5 6 7 8 9 10 11 12 13 14 15 16 17 18 19 2 3 4 5 6 7 8 9 10 11 12 13 14 15 16 17 18 19
robUnReachRowLst  0 0 0 1 2 2 2 2 2 2 2 2 2 2 3 3 3 3 3 3 3 3 3 3 3 4 4 4 4 5 5 5 5 5 5 5 6 6 6 6 6 6 6 7 7 7 7 7 7 7 8 8 8 8 8 8 8 9 9 9 9 9 9 9 10 10 10 10 10 10 10 11 11 11 11 11 12 12 12 12 12 12 13 13 13 13 14 14 14 14 14 15 15 18 18 19 19
robUnReachColLst  17 18 19 19 0 6 7 8 9 10 11 12 13 19 0 1 6 7 8 9 10 11 12 13 19 0 1 12 13 0 1 7 8 9 12 13 0 1 7 8 9 12 13 0 1 7 8 9 12 13 0 1 7 8 9 12 13 0 1 7 8 9 12 13 0 1 7 8 9 12 13 0 1 12 13 18 0 1 12 13 17 19 0 1 12 13 0 1 17 18 19 0 18 0 1 0 1
grid  1 1 1 1 1 1 1 1 1 1 1 1 1 1 1 1 1 0 0 0 1 1 1 1 1 1 1 1 1 1 1 1 1 1 1 1 1 1 1 0 0 1 1 1 1 1 0 0 0 0 0 0 0 0 1 1 1 1 1 0 0 0 1 1 1 1 0 0 0 0 0 0 0 0 1 1 1 1 1 0 0 0 1 1 1 1 1 1 1 1 1 1 0 0 1 1 1 1 1 1 0 0 1 1 1 1 1 0 0 0 1 1 0 0 1 1 1 1 1 1 0 0 1 1 1 1 1 0 0 0 1 1 0 0 1 1 1 1 1 1 0 0 1 1 1 1 1 0 0 0 1 1 0 0 1 1 1 1 1 1 0 0 1 1 1 1 1 0 0 0 1 1 0 0 1 1 1 1 1 1 0 0 1 1 1 1 1 0 0 0 1 1 0 0 1 1 1 1 1 1 0 0 1 1 1 1 1 0 0 0 1 1 0 0 1 1 1 1 1 1 0 0 1 1 1 1 1 1 1 1 1 1 0 0 1 1 1 1 0 1 0 0 1 1 1 1 1 1 1 1 1 1 0 0 1 1 1 0 1 0 0 0 1 1 1 1 1 1 1 1 1 1 0 0 1 1 1 1 1 1 0 0 1 1 1 1 1 1 1 1 1 1 1 1 1 1 1 0 0 0 0 1 1 1 1 1 1 1 1 1 1 1 1 1 1 1 1 1 0 1 1 1 1 1 1 1 1 1 1 1 1 1 1 1 1 1 1 1 1 1 1 1 1 1 1 1 1 1 1 1 1 1 1 1 1 1 1 1 1 1 0 0 1 1 1 1 1 1 1 1 1 1 1 1 1 1 1 1 1 1 0 0 1 1 1 1 1 1 1 1 1 1 1 1 1 1 1 1 1 1
obRow  0 0 0 1 2 2 2 2 2 2 2 2 2 2 3 3 3 3 3 3 3 3 3 3 3 4 4 4 4 5 5 5 5 5 5 5 6 6 6 6 6 6 6 7 7 7 7 7 7 7 8 8 8 8 8 8 8 9 9 9 9 9 9 9 10 10 10 10 10 10 10 11 11 11 11 11 12 12 12 12 12 12 13 13 13 13 14 14 14 14 14 15 15 18 18 19 19
obCol  17 18 19 19 0 6 7 8 9 10 11 12 13 19 0 1 6 7 8 9 10 11 12 13 19 0 1 12 13 0 1 7 8 9 12 13 0 1 7 8 9 12 13 0 1 7 8 9 12 13 0 1 7 8 9 12 13 0 1 7 8 9 12 13 0 1 7 8 9 12 13 0 1 12 13 18 0 1 12 13 17 19 0 1 12 13 0 1 17 18 19 0 18 0 1 0 1
