time 2018-08-17 21:03:27
row  20
col  20
robRow  9 15
robCol  4 0
robReachRowLst  16 14 7 19 17 7 16 14 13 19 18 13 18 3 2 8 5 4 5 4 10 16 14 7 12 19 17 7 15 13 19 18 15 8 3 9 8 4 9 11 19 16 15 18 8 3 10 8 6 11 9 6 14 11 19 16 13 18 9 5 10 16 7 12 19 7 13 12 19 17 13 2 8 4 9 5 11 16 14 7 19 10 15 14 13 12 19 1 18 15 13 3 2 9 9 6 5 4 11 19 17 15 19 18 8 4 8 6 11 15 16 14 11 19 17 18 2 5 10 6 12 7 6 12 19 18 17 13 8 9 6 5 10 5 12 19 0 7 16 14 12 19 18 13 18 1 3 8 6 5 4 11 10 5 19 17 15 19 4 6 11 15 16 14 11 19 16 15 17 3 8 6 17 15 6 14 12 19 3 4 5 11 13 15 17 15 15 14 16 14 14
robReachColLst  6 17 3 19 7 12 9 4 4 4 4 17 19 7 5 5 8 0 5 19 7 3 18 6 6 14 2 19 11 7 3 9 4 15 2 14 2 5 3 0 13 19 14 10 12 1 14 18 13 15 19 16 8 16 8 16 13 15 4 1 3 7 2 2 18 15 3 13 7 11 16 2 6 1 7 4 4 4 19 1 17 19 10 6 6 18 2 19 6 7 19 5 7 13 2 1 7 17 3 12 12 9 1 11 13 8 19 2 14 19 14 9 19 11 15 1 19 0 0 15 3 14 18 14 6 2 10 15 7 6 5 3 5 16 0 16 19 13 8 7 19 5 7 5 18 7 4 4 6 6 18 2 6 19 15 3 8 0 4 3 1 18 15 14 18 10 18 15 19 19 17 12 4 17 19 11 15 9 8 3 2 6 1 2 0 0 1 1 0 0 2
robUnReachRowLst  0 0 1 0 0 1 0 0 0 0 0 0 3 0 3 1 1 4 0 2 0 3 1 1 4 0 1 4 3 1 0 2 1 2 4 5 3 0 2 0 0 0 1 1 1 1 1 1 1 1 1 2 2 2 2 2 2 2 2 2 2 2 2 3 3 3 3 3 3 3 3 4 4 4 4 4 4 4 5 5 5 5 5 5 5 5 6 6 6 6 6 6 6 6 6 7 7 7 7 7 7 7 7 7 7 7 8 8 8 8 8 9 8 8 8 8 9 9 9 9 9 9 9 9 9 9 9 10 10 10 10 10 10 10 11 10 10 10 10 10 10 11 11 11 11 12 11 11 11 11 12 12 12 12 12 12 13 12 12 12 12 13 13 13 13 13 13 13 13 14 14 14 14 14 14 14 15 15 15 15 15 15 16 16 16 16 16 16 16 16 17 17 17 17 17 17 17 17 17 17 18 18 18 18 18 18 18 18 18
robUnReachColLst  0 1 1 2 3 3 4 5 6 7 8 9 15 14 11 17 15 12 10 9 15 10 16 14 13 11 10 10 13 13 12 10 9 14 11 10 12 13 15 16 17 18 0 2 4 5 6 8 11 12 18 0 1 3 4 6 8 11 12 13 16 17 18 0 3 6 9 14 16 17 18 2 6 7 9 14 15 16 9 11 12 13 14 15 17 18 0 4 7 8 9 10 11 14 17 0 4 5 7 8 9 10 11 16 17 18 0 1 3 8 9 9 10 11 14 16 0 1 5 8 10 11 12 15 16 17 18 1 2 4 8 9 10 11 12 12 13 15 16 17 18 5 7 8 9 8 10 11 13 17 1 4 5 7 9 10 10 11 12 16 17 0 2 8 9 11 12 14 18 3 5 10 12 13 15 16 3 5 6 12 13 16 1 2 5 10 11 12 13 17 1 5 6 8 9 13 14 16 17 18 0 3 5 8 12 13 14 16 17
grid  0 1 0 1 1 0 0 0 1 0 1 1 1 1 1 1 0 0 0 1 0 1 0 1 0 0 0 1 0 1 1 0 0 1 1 1 1 1 0 1 1 0 1 0 0 1 0 1 0 1 1 0 0 0 1 1 0 0 0 1 0 1 1 0 1 1 0 1 1 0 1 1 1 1 0 1 0 0 0 1 1 1 0 1 1 1 0 0 1 0 1 1 1 1 0 0 0 1 1 1 1 1 1 1 1 1 1 1 1 0 1 0 0 0 1 0 1 0 0 1 0 1 1 1 0 1 1 0 0 1 0 0 1 1 0 1 1 0 1 1 0 1 1 1 0 0 1 0 1 0 0 0 1 1 1 1 0 0 0 1 0 0 1 0 1 1 1 1 0 1 0 0 1 1 0 1 0 1 1 1 0 0 1 1 1 0 1 1 0 1 0 1 0 1 1 0 0 0 0 1 1 0 0 1 0 1 1 1 0 0 1 0 1 0 1 0 0 0 0 1 1 1 1 1 1 0 1 0 1 1 0 0 1 0 1 1 1 0 1 1 1 0 1 1 0 0 1 0 1 0 1 0 0 1 1 1 0 0 1 1 0 1 0 1 1 1 1 1 0 0 1 0 0 1 0 1 1 1 0 1 1 1 1 0 1 0 1 1 1 1 0 1 0 0 1 0 0 1 1 1 1 1 1 0 1 0 0 1 1 1 1 1 0 0 1 1 0 1 1 1 1 0 0 1 1 0 1 1 1 1 0 0 0 0 1 1 1 0 1 1 1 0 1 1 1 0 0 1 0 0 1 1 1 0 0 1 0 1 0 1 0 1 1 0 1 0 1 1 0 1 1 1 0 0 0 1 0 0 1 1 1 1 1 1 1 1 1 1 1 1 1 1 1 1 1 1 1 1 1 1
obRow  0 0 1 0 0 1 0 0 0 0 0 0 3 0 3 1 1 4 0 2 0 3 1 1 4 0 1 4 3 1 0 2 1 2 4 5 3 0 2 0 0 0 1 1 1 1 1 1 1 1 1 2 2 2 2 2 2 2 2 2 2 2 2 3 3 3 3 3 3 3 3 4 4 4 4 4 4 4 5 5 5 5 5 5 5 5 6 6 6 6 6 6 6 6 6 7 7 7 7 7 7 7 7 7 7 7 8 8 8 8 8 9 8 8 8 8 9 9 9 9 9 9 9 9 9 9 9 10 10 10 10 10 10 10 11 10 10 10 10 10 10 11 11 11 11 12 11 11 11 11 12 12 12 12 12 12 13 12 12 12 12 13 13 13 13 13 13 13 13 14 14 14 14 14 14 14 15 15 15 15 15 15 16 16 16 16 16 16 16 16 17 17 17 17 17 17 17 17 17 17 18 18 18 18 18 18 18 18 18
obCol  0 1 1 2 3 3 4 5 6 7 8 9 15 14 11 17 15 12 10 9 15 10 16 14 13 11 10 10 13 13 12 10 9 14 11 10 12 13 15 16 17 18 0 2 4 5 6 8 11 12 18 0 1 3 4 6 8 11 12 13 16 17 18 0 3 6 9 14 16 17 18 2 6 7 9 14 15 16 9 11 12 13 14 15 17 18 0 4 7 8 9 10 11 14 17 0 4 5 7 8 9 10 11 16 17 18 0 1 3 8 9 9 10 11 14 16 0 1 5 8 10 11 12 15 16 17 18 1 2 4 8 9 10 11 12 12 13 15 16 17 18 5 7 8 9 8 10 11 13 17 1 4 5 7 9 10 10 11 12 16 17 0 2 8 9 11 12 14 18 3 5 10 12 13 15 16 3 5 6 12 13 16 1 2 5 10 11 12 13 17 1 5 6 8 9 13 14 16 17 18 0 3 5 8 12 13 14 16 17
