time 2018-08-17 21:06:07
row  20
col  20
robRow  8 7
robCol  3 15
robReachRowLst  7 16 19 18 8 9 10 0 14 12 15 3 4 16 19 17 18 8 9 10 8 11 9 14 12 15 13 2 0 3 1 4 2 5 3 16 6 19 17 7 18 10 11 14 12 10 15 13 0 1 4 2 5 6 4 7 19 17 8 15 11 16 6 19 17 18 8 9 10 11 0 14 12 1 15 13 0 3 4 5 16 19 17 7 18 8 9 10 11 9 14 12 15 13 2 0 3 1 4 2 5 3 6 17 7 18 11 14 12 10 13 0 1 2 5 6 4 7 5 19 8 9 14 3 16 6 19 17 18 8 9 10 11 14 12 1 15 13 0 3 1 4 5 16 6 19 17 7 18 9 10 11 14 12 15 13 0 3 1 4 2 5 6 7 18 16 12 13 1 2 6 7 5 16 19 18 8 9 10 0 14 12 15 3 4 16 19 17 18 8 9 10 8 11 14 12 15 13 0 3 1 4 2 5 16 6 19 17 7 18 10 11 14 12 10 15 13 0 1 4 2 5 6 4 7 16 17 15 13 11 2 7 16 19 17 18 8 9 10 11 0 14 12 1 15 13 0 3 4 5 16 19 17 7 18 8 9 10 8 11 9 14 12 15 13 2 0 3 1 4 2 5 3 6 17 7 18 11 14 12 10 13 0 1 2 5 6 4 7 5 19 17 8 15 11 16 6 19 17 18 8 9 10 11 14 12 1 15 13 0 3 1 4 5 16 6 19 17 7 18 8 9 10 11 9 14 12 15 13 2 0 3 1 4 2 5 3 6 7 18 16 12 13 1 2 6 7 5 19 8 9 14 3 16 6 19 17 18 8 9 10 8 11 14 12 15 13 0 3 1 4 2 5 16 6 19 17 7 18 9 10 11 14 12 15 13 0 3 1 4 2 5 6 7 16 17 15 13 11 2
robReachColLst  3 9 4 19 5 0 7 17 1 17 4 2 5 0 13 13 10 12 9 14 18 15 19 8 8 13 13 18 14 11 15 12 12 1 17 7 14 18 6 15 5 9 4 19 7 19 10 6 5 0 11 7 10 1 17 4 1 17 0 19 19 11 18 6 10 17 7 6 5 8 19 7 19 18 6 18 9 4 7 6 2 15 3 16 8 14 15 12 1 17 14 10 15 11 16 0 13 13 14 10 15 19 12 4 9 3 6 17 1 17 4 7 6 5 8 7 19 6 18 3 2 3 2 1 13 16 8 8 15 9 4 3 10 5 13 16 0 16 11 6 10 1 4 4 11 17 1 18 6 13 10 3 12 4 9 9 2 15 3 8 8 13 2 11 1 17 3 2 4 3 5 0 16 8 5 18 4 1 6 16 0 16 5 3 4 15 10 14 13 11 10 1 17 12 11 15 2 14 13 8 8 3 15 2 6 9 19 7 12 4 8 5 18 6 18 11 7 4 1 10 6 11 0 16 5 19 18 16 0 16 1 2 10 7 11 16 6 7 4 9 18 6 18 19 7 19 8 5 6 7 1 12 12 17 11 13 8 15 19 14 18 9 9 12 12 19 15 10 14 13 13 0 16 15 5 14 2 7 16 0 16 5 6 7 4 9 6 18 7 19 0 16 1 18 18 12 19 9 9 14 8 5 2 11 4 12 17 1 17 10 7 11 0 5 3 10 14 2 19 9 15 14 13 0 16 15 11 14 10 17 1 12 12 15 11 14 18 13 8 0 16 2 3 5 2 4 1 17 2 3 2 3 0 14 17 11 15 12 10 11 0 16 13 10 14 3 15 12 9 9 2 14 3 5 8 16 0 13 7 12 11 2 13 5 8 8 3 14 2 9 9 12 3 10 18 19 17 1 17 0
robUnReachRowLst 
robUnReachColLst 
grid  1 1 1 1 1 1 1 1 1 1 1 1 1 1 1 1 1 1 1 1 1 1 1 1 1 1 1 1 1 1 1 1 1 1 1 1 1 1 1 1 1 1 1 1 1 1 1 1 1 1 1 1 1 1 1 1 1 1 1 1 1 1 1 1 1 1 1 1 1 1 1 1 1 1 1 1 1 1 1 1 1 1 1 1 1 1 1 1 1 1 1 1 1 1 1 1 1 1 1 1 1 1 1 1 1 1 1 1 1 1 1 1 1 1 1 1 1 1 1 1 1 1 1 1 1 1 1 1 1 1 1 1 1 1 1 1 1 1 1 1 1 1 1 1 1 1 1 1 1 1 1 1 1 1 1 1 1 1 1 1 1 1 1 1 1 1 1 1 1 1 1 1 1 1 1 1 1 1 1 1 1 1 1 1 1 1 1 1 1 1 1 1 1 1 1 1 1 1 1 1 1 1 1 1 1 1 1 1 1 1 1 1 1 1 1 1 1 1 1 1 1 1 1 1 1 1 1 1 1 1 1 1 1 1 1 1 1 1 1 1 1 1 1 1 1 1 1 1 1 1 1 1 1 1 1 1 1 1 1 1 1 1 1 1 1 1 1 1 1 1 1 1 1 1 1 1 1 1 1 1 1 1 1 1 1 1 1 1 1 1 1 1 1 1 1 1 1 1 1 1 1 1 1 1 1 1 1 1 1 1 1 1 1 1 1 1 1 1 1 1 1 1 1 1 1 1 1 1 1 1 1 1 1 1 1 1 1 1 1 1 1 1 1 1 1 1 1 1 1 1 1 1 1 1 1 1 1 1 1 1 1 1 1 1 1 1 1 1 1 1 1 1 1 1 1 1 1 1 1 1 1 1 1 1 1 1 1 1 1 1 1 1 1 1 1 1 1 1 1 1
obRow 
obCol 
