time 2018-08-17 21:04:27
row  20
col  20
robRow  9 15
robCol  4 0
robReachRowLst  7 6 16 14 19 17 7 14 13 16 19 18 0 15 1 12 13 1 0 18 19 3 2 8 5 4 6 5 4 10 7 6 16 12 5 10 17 15 14 13 7 19 18 0 15 12 14 1 8 4 3 2 9 8 4 9 11 7 16 12 19 16 14 13 15 2 18 0 3 1 8 3 2 9 5 10 8 6 11 9 7 14 13 12 6 19 11 16 19 13 2 18 0 3 1 8 4 2 9 5 3 10 7 16 12 19 7 14 13 16 19 1 12 15 17 13 1 0 3 2 1 8 4 9 6 5 11 10 7 6 16 12 11 5 17 15 14 13 7 19 1 18 15 12 13 0 4 3 2 9 8 5 10 9 6 5 4 11 7 16 14 19 17 7 14 15 13 19 18 0 17 3 1 8 10 4 3 8 10 8 6 11 9 15 14 6 16 11 18 19 16 17 2 0 3 1 4 2 9 5 10 8 6 12 17 7 14 13 6 19 18 12 15 16 17 13 19 0 1 8 4 2 9 6 5 10 16 6 5 12 11 10 17 7 14 13 16 19 18 0 0 12 14 1 0 18 3 2 8 5 6 5 4 11 10 16 5 19 17 0 14 7 15 19 18 0 15 3 1 4 3 2 8 5 4 10 6 11 9 7 15 16 12 19 11 14 16 15 2 0 17 3 1 8 2 9 5 3 10 8 6 11 17 15 14 13 6 12 18 17 15 19 18 0 3 2 4 2 5 11
robReachColLst  3 9 6 17 19 7 12 4 4 9 4 4 7 1 17 12 17 6 10 19 14 7 5 5 8 0 7 5 19 7 6 10 3 6 18 18 2 11 1 7 19 3 9 4 4 17 18 1 15 10 2 6 14 2 5 3 0 5 0 11 13 19 2 10 14 17 10 1 12 12 12 1 11 9 14 14 18 13 15 19 8 8 0 8 16 8 16 16 16 13 18 15 14 11 15 9 12 12 4 1 17 3 2 7 2 18 15 5 3 10 7 16 13 0 11 16 5 11 6 2 10 6 1 7 4 4 4 4 1 11 4 7 9 17 1 10 6 6 18 2 19 6 7 18 19 8 11 5 7 13 3 10 10 2 1 7 17 3 4 1 12 12 12 17 3 9 9 1 11 2 17 15 3 13 19 8 0 0 15 19 2 14 18 19 9 17 14 19 1 11 17 15 19 15 10 14 13 13 11 0 0 16 15 3 5 14 10 2 18 6 2 14 3 11 10 15 17 12 9 7 2 14 6 5 3 5 5 8 16 0 8 16 0 13 7 5 8 5 7 6 19 19 19 7 9 18 4 4 4 9 6 6 18 2 6 2 19 15 3 16 0 16 8 0 8 3 5 14 2 9 3 9 1 12 4 12 3 1 17 10 18 15 10 10 18 14 18 15 16 0 19 13 13 11 10 10 15 19 1 17 12 12 4 17 11 1 19 15 3 9 2 9 14 13 8 0 3 15 2 6
robUnReachRowLst  0 0 0 1 1 1 1 1 2 2 2 3 3 3 4 4 4 4 4 5 5 6 6 7 7 7 7 8 8 8 9 9 9 9 9 9 9 10 10 10 10 10 10 11 11 11 11 11 11 12 12 12 12 12 13 13 13 13 13 14 14 14 15 15 15 15 16 16 17 17 17 17 17 17 18 18 18 18 18 18
robUnReachColLst  5 17 18 0 4 8 11 18 1 3 8 9 16 18 6 7 14 15 16 11 13 0 14 0 7 9 11 8 10 14 0 1 5 8 12 15 16 2 8 9 11 13 17 5 7 10 11 13 17 1 4 5 9 16 8 11 12 14 18 13 15 16 6 12 13 16 12 13 6 8 13 14 16 18 0 5 12 13 16 17
grid  1 1 1 1 1 0 1 1 1 1 1 1 1 1 1 1 1 0 0 1 0 1 1 1 0 1 1 1 0 1 1 0 1 1 1 1 1 1 0 1 1 0 1 0 1 1 1 1 0 1 1 1 1 1 1 1 1 1 1 1 1 1 1 1 1 1 1 1 1 0 1 1 1 1 1 1 0 1 0 1 1 1 1 1 1 1 0 0 1 1 1 1 1 1 0 0 0 1 1 1 1 1 1 1 1 1 1 1 1 1 1 0 1 0 1 1 1 1 1 1 0 1 1 1 1 1 1 1 1 1 1 1 1 1 0 1 1 1 1 1 0 1 1 1 1 1 1 0 1 0 1 0 1 1 1 1 1 1 1 1 1 1 1 1 1 1 1 1 0 1 0 1 1 1 0 1 1 1 1 1 0 0 1 1 1 0 1 1 0 1 1 1 0 1 1 0 0 1 1 1 1 1 0 1 1 1 1 1 0 0 1 0 1 0 1 1 1 0 1 1 1 1 1 1 1 0 1 0 1 1 0 0 1 0 1 1 1 0 1 1 1 0 1 1 0 0 1 1 1 0 1 1 1 1 1 1 0 1 1 1 1 1 1 1 1 1 1 1 0 1 1 0 0 1 0 1 1 1 0 1 1 1 1 1 1 1 1 1 1 1 1 1 1 0 1 0 0 1 1 1 1 1 1 1 1 1 0 1 1 1 1 1 0 0 1 1 0 1 1 1 1 1 1 1 1 1 1 1 1 1 1 1 0 0 1 1 1 1 1 1 1 1 1 1 1 1 0 1 0 1 1 1 1 0 0 1 0 1 0 1 0 1 1 1 1 0 1 1 1 1 1 1 0 0 1 1 0 0 1 1 1 1 1 1 1 1 1 1 1 1 1 1 1 1 1 1 1 1 1 1
obRow  0 0 0 1 1 1 1 1 2 2 2 3 3 3 4 4 4 4 4 5 5 6 6 7 7 7 7 8 8 8 9 9 9 9 9 9 9 10 10 10 10 10 10 11 11 11 11 11 11 12 12 12 12 12 13 13 13 13 13 14 14 14 15 15 15 15 16 16 17 17 17 17 17 17 18 18 18 18 18 18
obCol  5 17 18 0 4 8 11 18 1 3 8 9 16 18 6 7 14 15 16 11 13 0 14 0 7 9 11 8 10 14 0 1 5 8 12 15 16 2 8 9 11 13 17 5 7 10 11 13 17 1 4 5 9 16 8 11 12 14 18 13 15 16 6 12 13 16 12 13 6 8 13 14 16 18 0 5 12 13 16 17
