g_sPntx 1 1 1 1 1 1 1 1 1 1 1 1 1 1 1 3 3 3 3 3 3 3 3 3 3 3 3 3 3 3 5 5 5 5 5 5 5 5 5 5 5 5 5 5 5 7 7 7 7 7 7 7 7 7 7 7 7 7 7 7 9 9 9 9 9 9 9 9 9 9 9 9 9 9 9 11 11 11 11 11 11 11 11 11 11 11 11 11 11 11 13 13 13 13 13 13 13 13 13 13 13 13 13 13 13 15 15 15 15 15 15 15 15 15 15 15 15 15 15 15 17 17 17 17 17 17 17 17 17 17 17 17 17 17 17 19 19 19 19 19 19 19 19 19 19 19 19 19 19 19 21 21 21 21 21 21 21 21 21 21 21 21 21 21 21 23 23 23 23 23 23 23 23 23 23 23 23 23 23 23 25 25 25 25 25 25 25 25 25 25 25 25 25 25 25 27 27 27 27 27 27 27 27 27 27 27 27 27 27 27 29 29 29 29 29 29 29 29 29 29 29 29 29 29 29
g_sPnty 1 3 5 7 9 11 13 15 17 19 21 23 25 27 29 1 3 5 7 9 11 13 15 17 19 21 23 25 27 29 1 3 5 7 9 11 13 15 17 19 21 23 25 27 29 1 3 5 7 9 11 13 15 17 19 21 23 25 27 29 1 3 5 7 9 11 13 15 17 19 21 23 25 27 29 1 3 5 7 9 11 13 15 17 19 21 23 25 27 29 1 3 5 7 9 11 13 15 17 19 21 23 25 27 29 1 3 5 7 9 11 13 15 17 19 21 23 25 27 29 1 3 5 7 9 11 13 15 17 19 21 23 25 27 29 1 3 5 7 9 11 13 15 17 19 21 23 25 27 29 1 3 5 7 9 11 13 15 17 19 21 23 25 27 29 1 3 5 7 9 11 13 15 17 19 21 23 25 27 29 1 3 5 7 9 11 13 15 17 19 21 23 25 27 29 1 3 5 7 9 11 13 15 17 19 21 23 25 27 29 1 3 5 7 9 11 13 15 17 19 21 23 25 27 29
g_tPntx 1 1 1 3 3 3 3 3 1 3 3 3 3 3 3 1 1 3 3 3 3 3 3 3 3 3 3 3 3 5 3 7 7 5 5 5 5 3 5 5 5 5 5 5 7 5 9 9 9 7 7 7 7 7 7 7 9 5 7 9 7 11 11 11 11 11 9 7 9 9 9 11 7 9 11 9 13 13 13 11 11 11 9 11 11 11 13 9 11 13 11 15 13 15 13 11 15 13 15 11 13 15 11 13 15 13 17 17 17 15 13 17 17 17 13 15 17 13 15 17 15 17 19 19 19 19 17 19 17 15 17 19 15 17 19 17 21 21 21 19 19 19 19 19 17 19 21 17 19 21 19 23 21 23 23 23 23 23 23 23 23 23 19 21 23 21 25 25 23 23 23 23 25 23 23 23 23 21 23 25 23 25 25 25 25 25 25 25 25 25 25 25 23 25 27 25 27 29 29 29 29 29 29 29 29 29 29 29 29 29 27 29 29 29 29 29 29 29 29 29 29 29 29 29 29
g_tPnty 1 1 3 7 9 11 13 15 19 19 21 23 25 27 29 1 3 3 5 7 9 11 13 15 21 23 25 27 29 29 1 3 5 5 7 9 15 15 15 17 19 21 23 25 29 1 3 5 7 7 9 11 17 19 21 23 23 25 25 29 1 3 5 7 9 11 15 15 15 17 19 23 25 25 29 1 3 5 7 11 13 15 15 15 17 19 23 25 25 29 1 3 3 7 11 11 13 17 17 19 19 23 25 25 29 1 3 5 7 11 11 13 15 17 19 19 23 25 25 29 1 5 5 7 9 11 15 15 15 19 19 23 25 25 29 1 3 5 7 11 13 15 17 19 19 19 23 25 25 29 1 3 3 7 9 11 13 15 17 19 21 23 25 25 29 1 3 5 9 11 13 15 15 15 17 19 21 25 25 29 1 5 7 9 11 13 15 17 19 21 23 25 25 25 29 1 1 5 7 9 11 13 15 17 19 21 23 25 27 29 1 1 3 5 7 9 11 13 15 17 19 21 23 25 27
STCPntx 1 1 1 1 1 1 1 1 1 1 1 1 1 1 1 3 3 3 3 3 3 3 3 3 3 3 3 3 3 3 5 5 5 5 5 5 5 5 5 5 5 5 5 5 5 7 7 7 7 7 7 7 7 7 7 7 7 7 7 7 9 9 9 9 9 9 9 9 9 9 9 9 9 9 9 11 11 11 11 11 11 11 11 11 11 11 11 11 11 11 13 13 13 13 13 13 13 13 13 13 13 13 13 13 13 15 15 15 15 15 15 15 15 15 15 15 15 15 15 15 17 17 17 17 17 17 17 17 17 17 17 17 17 17 17 19 19 19 19 19 19 19 19 19 19 19 19 19 19 19 21 21 21 21 21 21 21 21 21 21 21 21 21 21 21 23 23 23 23 23 23 23 23 23 23 23 23 23 23 23 25 25 25 25 25 25 25 25 25 25 25 25 25 25 25 27 27 27 27 27 27 27 27 27 27 27 27 27 27 27 29 29 29 29 29 29 29 29 29 29 29 29 29 29 29
STCPnty 1 3 5 7 9 11 13 15 17 19 21 23 25 27 29 1 3 5 7 9 11 13 15 17 19 21 23 25 27 29 1 3 5 7 9 11 13 15 17 19 21 23 25 27 29 1 3 5 7 9 11 13 15 17 19 21 23 25 27 29 1 3 5 7 9 11 13 15 17 19 21 23 25 27 29 1 3 5 7 9 11 13 15 17 19 21 23 25 27 29 1 3 5 7 9 11 13 15 17 19 21 23 25 27 29 1 3 5 7 9 11 13 15 17 19 21 23 25 27 29 1 3 5 7 9 11 13 15 17 19 21 23 25 27 29 1 3 5 7 9 11 13 15 17 19 21 23 25 27 29 1 3 5 7 9 11 13 15 17 19 21 23 25 27 29 1 3 5 7 9 11 13 15 17 19 21 23 25 27 29 1 3 5 7 9 11 13 15 17 19 21 23 25 27 29 1 3 5 7 9 11 13 15 17 19 21 23 25 27 29 1 3 5 7 9 11 13 15 17 19 21 23 25 27 29
rob0	set size = 392
rob1	set size = 396
max  = 396 min = 392
allNumSize = 225
sPntx0 15 17 19 19 19 19 19 13 15 13 19 17 17 15 17 13 15 19 17 17 17 15 15 13 11 11 9 13 11 9 9 9 7 7 7 7 7 9 11 13 15 17 19 21 7 7 7 7 9 11 13 15 17 19 21 23 23 23 23 21 23 21 23 23 23 25 25 25 25 25 25 25 23 21 19 23 17 15 13 11 9 7 5 5 21 7 19 9 5 17 11 15 13 5 21 21 23 21 21 21 11 9 9 11 9 11 11 13 13
sPnty0 17 15 15 17 19 13 11 17 13 13 21 21 19 21 17 21 19 9 13 11 9 9 11 19 19 21 21 15 17 19 17 15 15 17 19 21 23 23 23 23 23 23 23 23 13 11 9 7 7 7 7 7 7 7 7 23 7 21 9 21 19 9 11 17 15 15 17 19 21 23 25 27 27 27 27 25 27 27 27 27 27 27 27 25 25 25 25 25 23 25 25 25 25 21 19 17 13 15 13 11 15 13 11 11 9 13 9 9 11
tPntx0 15 15 17 19 19 19 19 15 15 15 19 19 17 17 15 15 15 19 15 19 17 17 15 13 13 11 11 13 11 11 11 9 9 7 7 7 7 7 9 11 13 15 17 19 7 7 7 7 7 9 11 13 15 17 19 21 21 23 23 23 23 23 23 23 23 23 25 25 25 25 25 25 25 23 21 23 19 17 15 13 11 9 7 5 21 7 19 9 5 17 11 15 13 5 23 23 23 23 23 23 9 9 9 9 9 9 11 15 13
tPnty0 15 15 15 15 17 15 13 17 15 13 19 21 21 21 17 21 21 11 13 11 11 9 9 21 19 19 21 13 19 19 17 17 15 15 17 19 21 23 23 23 23 23 23 23 15 13 11 9 7 7 7 7 7 7 7 23 7 23 7 21 21 9 9 19 17 15 15 17 19 21 23 25 27 27 27 27 27 27 27 27 27 27 27 27 27 27 27 27 25 27 27 27 27 23 19 17 15 15 13 11 15 15 13 11 11 13 11 9 9
sPntx1 1 3 5 1 1 7 1 9 1 1 1 1 1 11 1 1 1 1 1 3 5 7 9 13 15 11 17 19 21 23 25 27 29 29 29 29 29 29 29 29 29 29 29 29 29 29 29 27 25 23 21 19 17 15 13 3 27 3 27 27 27 27 27 3 27 3 27 27 3 3 27 27 3 3 3 3 27 27 3 3 3 5 5 5 5 5 5 5 7 9 7 11 13 9 15 17 19 21 11 21 23 13 19 15 5 17 23 25 25 25 25 25 25 5
sPnty1 3 1 1 5 7 1 9 1 11 13 15 17 19 1 21 23 25 27 29 29 29 29 29 1 1 29 1 1 1 1 1 1 1 3 5 7 9 11 13 15 17 19 21 23 25 27 29 29 29 29 29 29 29 29 29 15 3 3 5 27 7 25 9 5 23 27 21 11 25 7 19 13 23 9 21 11 17 15 19 13 17 15 13 11 9 7 5 3 3 3 5 3 3 5 3 3 3 3 5 5 5 5 5 5 17 5 3 3 5 7 9 11 13 19
tPntx1 1 1 3 1 1 5 1 7 1 1 1 1 1 9 1 1 1 1 1 1 3 5 7 11 13 9 15 17 19 21 23 25 27 29 29 29 29 29 29 29 29 29 29 29 29 29 29 29 27 25 23 21 19 17 11 1 29 1 29 29 29 29 29 1 29 1 29 29 1 1 29 29 1 1 1 1 29 29 1 1 1 3 5 5 5 5 5 5 5 7 7 9 11 9 13 15 17 19 11 21 21 13 19 15 5 17 23 23 23 25 25 25 25 5
tPnty1 1 1 1 3 5 1 7 1 9 11 13 15 17 1 19 21 23 25 27 29 29 29 29 1 1 29 1 1 1 1 1 1 1 1 3 5 7 9 11 13 15 17 19 21 23 25 27 29 29 29 29 29 29 29 29 15 3 3 5 27 7 25 9 5 23 27 21 11 25 7 19 13 23 9 21 11 17 15 19 13 17 15 15 13 11 9 7 5 3 3 3 3 3 3 3 3 3 3 3 3 5 3 3 3 15 3 5 3 5 5 7 9 11 17
path_x0 15.5 16.5 17.5 18.5 18.5 18.5 18.5 18.5 18.5 17.5 17.5 16.5 16.5 15.5 15.5 14.5 14.5 13.5 13.5 12.5 11.5 10.5 10.5 10.5 10.5 9.5 9.5 10.5 10.5 9.5 9.5 10.5 10.5 9.5 9.5 10.5 10.5 11.5 11.5 10.5 10.5 9.5 9.5 9.5 9.5 9.5 9.5 9.5 8.5 7.5 7.5 7.5 7.5 7.5 7.5 7.5 7.5 8.5 9.5 10.5 11.5 12.5 13.5 14.5 15.5 16.5 17.5 18.5 19.5 20.5 21.5 22.5 22.5 21.5 21.5 22.5 22.5 21.5 21.5 22.5 22.5 22.5 22.5 22.5 22.5 21.5 20.5 19.5 18.5 17.5 16.5 15.5 14.5 13.5 12.5 11.5 10.5 9.5 8.5 7.5 6.5 6.5 6.5 6.5 6.5 6.5 6.5 6.5 6.5 6.5 6.5 6.5 6.5 6.5 6.5 6.5 6.5 6.5 7.5 8.5 9.5 10.5 11.5 12.5 13.5 14.5 15.5 16.5 17.5 18.5 19.5 20.5 21.5 22.5 22.5 22.5 22.5 22.5 22.5 22.5 22.5 22.5 23.5 24.5 24.5 24.5 24.5 24.5 24.5 24.5 24.5 24.5 24.5 24.5 24.5 23.5 23.5 22.5 22.5 21.5 21.5 20.5 20.5 19.5 19.5 18.5 18.5 17.5 17.5 16.5 16.5 15.5 15.5 14.5 14.5 13.5 13.5 12.5 12.5 11.5 11.5 10.5 10.5 9.5 9.5 8.5 8.5 7.5 7.5 6.5 6.5 5.5 5.5 4.5 4.5 4.5 4.5 4.5 4.5 4.5 4.5 4.5 4.5 4.5 4.5 5.5 6.5 7.5 8.5 9.5 10.5 11.5 12.5 13.5 14.5 15.5 16.5 17.5 18.5 19.5 20.5 21.5 22.5 23.5 24.5 25.5 25.5 25.5 25.5 25.5 25.5 25.5 25.5 25.5 25.5 25.5 25.5 25.5 24.5 23.5 22.5 22.5 22.5 21.5 21.5 22.5 22.5 21.5 21.5 22.5 22.5 21.5 21.5 22.5 22.5 21.5 21.5 22.5 22.5 21.5 21.5 22.5 22.5 21.5 20.5 19.5 18.5 17.5 16.5 15.5 14.5 13.5 12.5 11.5 10.5 9.5 8.5 7.5 7.5 7.5 7.5 7.5 7.5 7.5 7.5 8.5 9.5 9.5 9.5 10.5 10.5 9.5 9.5 10.5 10.5 9.5 10.5 11.5 11.5 12.5 12.5 13.5 14.5 15.5 16.5 17.5 18.5 19.5 19.5 19.5 19.5 19.5 19.5 19.5 19.5 19.5 19.5 19.5 19.5 18.5 18.5 17.5 17.5 16.5 15.5 14.5 13.5 12.5 12.5 13.5 13.5 14.5 14.5 15.5 15.5 16.5 16.5 17.5 18.5 18.5 18.5 18.5 18.5 17.5 16.5 15.5 15.5 16.5 16.5 15.5 14.5 13.5 12.5 12.5 12.5 12.5 12.5 12.5 13.5 14.5 15.5 15.5 15.5 15.5 14.5 13.5 12.5 12.5 13.5 14.5 15.5 16.5 16.5 15.5
path_y0 15.5 15.5 15.5 15.5 16.5 17.5 18.5 19.5 20.5 20.5 19.5 19.5 20.5 20.5 19.5 19.5 20.5 20.5 19.5 19.5 19.5 19.5 18.5 17.5 16.5 16.5 15.5 15.5 14.5 14.5 13.5 13.5 12.5 12.5 11.5 11.5 10.5 10.5 9.5 9.5 10.5 10.5 9.5 10.5 11.5 12.5 13.5 14.5 14.5 14.5 13.5 12.5 11.5 10.5 9.5 8.5 7.5 7.5 7.5 7.5 7.5 7.5 7.5 7.5 7.5 7.5 7.5 7.5 7.5 7.5 7.5 7.5 8.5 8.5 9.5 9.5 10.5 10.5 11.5 11.5 10.5 9.5 8.5 7.5 6.5 6.5 6.5 6.5 6.5 6.5 6.5 6.5 6.5 6.5 6.5 6.5 6.5 6.5 6.5 6.5 6.5 7.5 8.5 9.5 10.5 11.5 12.5 13.5 14.5 15.5 16.5 17.5 18.5 19.5 20.5 21.5 22.5 23.5 23.5 23.5 23.5 23.5 23.5 23.5 23.5 23.5 23.5 23.5 23.5 23.5 23.5 23.5 23.5 23.5 22.5 21.5 20.5 19.5 18.5 17.5 16.5 15.5 15.5 15.5 16.5 17.5 18.5 19.5 20.5 21.5 22.5 23.5 24.5 25.5 26.5 26.5 25.5 25.5 26.5 26.5 25.5 25.5 26.5 26.5 25.5 25.5 26.5 26.5 25.5 25.5 26.5 26.5 25.5 25.5 26.5 26.5 25.5 25.5 26.5 26.5 25.5 25.5 26.5 26.5 25.5 25.5 26.5 26.5 25.5 25.5 26.5 26.5 25.5 25.5 24.5 23.5 22.5 21.5 20.5 21.5 22.5 23.5 24.5 25.5 26.5 26.5 26.5 26.5 26.5 26.5 26.5 26.5 26.5 26.5 26.5 26.5 26.5 26.5 26.5 26.5 26.5 26.5 26.5 26.5 26.5 26.5 25.5 24.5 23.5 22.5 21.5 20.5 19.5 18.5 17.5 16.5 15.5 14.5 14.5 14.5 14.5 13.5 12.5 12.5 13.5 13.5 14.5 14.5 15.5 15.5 16.5 16.5 17.5 17.5 18.5 18.5 19.5 19.5 20.5 20.5 21.5 21.5 22.5 22.5 22.5 22.5 22.5 22.5 22.5 22.5 22.5 22.5 22.5 22.5 22.5 22.5 22.5 22.5 21.5 20.5 19.5 18.5 17.5 16.5 15.5 15.5 15.5 16.5 17.5 17.5 18.5 18.5 19.5 19.5 20.5 20.5 20.5 20.5 19.5 19.5 20.5 20.5 20.5 20.5 20.5 20.5 20.5 20.5 19.5 18.5 17.5 16.5 15.5 14.5 13.5 12.5 11.5 10.5 9.5 9.5 10.5 10.5 9.5 9.5 9.5 9.5 9.5 9.5 10.5 10.5 9.5 9.5 10.5 10.5 9.5 9.5 10.5 10.5 10.5 11.5 12.5 13.5 14.5 14.5 14.5 14.5 13.5 13.5 12.5 12.5 12.5 12.5 12.5 13.5 14.5 15.5 14.5 13.5 13.5 13.5 13.5 14.5 15.5 16.5 16.5 16.5 16.5 17.5 17.5 17.5 17.5 17.5 16.5 16.5
path_len 374
path_x1 0.5 0.5 0.5 0.5 0.5 0.5 0.5 0.5 0.5 0.5 0.5 0.5 0.5 0.5 0.5 0.5 0.5 0.5 0.5 0.5 0.5 0.5 0.5 0.5 0.5 0.5 0.5 0.5 0.5 0.5 1.5 2.5 3.5 4.5 5.5 6.5 7.5 8.5 9.5 10.5 11.5 12.5 13.5 13.5 12.5 11.5 10.5 9.5 8.5 7.5 6.5 5.5 4.5 3.5 2.5 1.5 1.5 2.5 2.5 1.5 1.5 2.5 2.5 1.5 1.5 2.5 2.5 1.5 1.5 2.5 2.5 1.5 1.5 2.5 2.5 1.5 1.5 2.5 2.5 1.5 1.5 2.5 3.5 4.5 4.5 4.5 4.5 4.5 4.5 4.5 4.5 4.5 4.5 4.5 4.5 4.5 4.5 4.5 4.5 4.5 4.5 4.5 4.5 5.5 5.5 6.5 6.5 7.5 7.5 8.5 8.5 9.5 9.5 10.5 10.5 11.5 11.5 12.5 12.5 13.5 13.5 14.5 14.5 15.5 15.5 16.5 16.5 17.5 17.5 18.5 18.5 19.5 19.5 20.5 20.5 21.5 22.5 23.5 24.5 24.5 24.5 24.5 24.5 24.5 24.5 24.5 24.5 24.5 25.5 25.5 25.5 25.5 25.5 25.5 25.5 25.5 25.5 25.5 24.5 23.5 23.5 24.5 25.5 24.5 23.5 22.5 22.5 21.5 21.5 20.5 19.5 18.5 17.5 16.5 15.5 14.5 13.5 12.5 11.5 10.5 9.5 8.5 7.5 6.5 5.5 4.5 4.5 4.5 4.5 4.5 4.5 4.5 4.5 4.5 4.5 4.5 4.5 3.5 2.5 1.5 1.5 2.5 2.5 1.5 1.5 2.5 2.5 1.5 1.5 2.5 2.5 1.5 1.5 2.5 2.5 1.5 1.5 2.5 2.5 1.5 1.5 2.5 2.5 1.5 1.5 2.5 3.5 4.5 5.5 6.5 7.5 8.5 9.5 10.5 11.5 12.5 13.5 14.5 15.5 16.5 17.5 18.5 19.5 20.5 21.5 22.5 23.5 24.5 25.5 26.5 27.5 28.5 28.5 27.5 27.5 28.5 28.5 27.5 27.5 28.5 28.5 27.5 27.5 28.5 28.5 27.5 27.5 28.5 28.5 27.5 27.5 28.5 28.5 27.5 27.5 28.5 28.5 27.5 27.5 28.5 28.5 27.5 27.5 28.5 28.5 27.5 27.5 28.5 28.5 27.5 27.5 28.5 28.5 27.5 27.5 28.5 28.5 27.5 27.5 28.5 28.5 27.5 27.5 28.5 28.5 27.5 26.5 25.5 24.5 23.5 22.5 21.5 20.5 19.5 18.5 17.5 16.5 15.5 14.5 14.5 15.5 16.5 17.5 18.5 19.5 20.5 21.5 22.5 23.5 24.5 25.5 26.5 27.5 28.5 29.5 29.5 29.5 29.5 29.5 29.5 29.5 29.5 29.5 29.5 29.5 29.5 29.5 29.5 29.5 29.5 29.5 29.5 29.5 29.5 29.5 29.5 29.5 29.5 29.5 29.5 29.5 29.5 29.5 29.5 28.5 27.5 26.5 25.5 24.5 23.5 22.5 21.5 20.5 19.5 18.5 17.5 16.5 15.5 14.5 13.5 12.5 11.5 10.5 9.5 8.5 7.5 6.5 5.5 4.5 3.5 2.5 1.5
path_y1 0.5 1.5 2.5 3.5 4.5 5.5 6.5 7.5 8.5 9.5 10.5 11.5 12.5 13.5 14.5 15.5 16.5 17.5 18.5 19.5 20.5 21.5 22.5 23.5 24.5 25.5 26.5 27.5 28.5 29.5 29.5 29.5 29.5 29.5 29.5 29.5 29.5 29.5 29.5 29.5 29.5 29.5 29.5 28.5 28.5 28.5 28.5 28.5 28.5 28.5 28.5 28.5 28.5 28.5 28.5 28.5 27.5 27.5 26.5 26.5 25.5 25.5 24.5 24.5 23.5 23.5 22.5 22.5 21.5 21.5 20.5 20.5 19.5 19.5 18.5 18.5 17.5 17.5 16.5 16.5 15.5 15.5 15.5 15.5 16.5 17.5 18.5 19.5 18.5 17.5 16.5 15.5 14.5 13.5 12.5 11.5 10.5 9.5 8.5 7.5 6.5 5.5 4.5 4.5 3.5 3.5 4.5 4.5 3.5 3.5 4.5 4.5 3.5 3.5 4.5 4.5 3.5 3.5 4.5 4.5 3.5 3.5 4.5 4.5 3.5 3.5 4.5 4.5 3.5 3.5 4.5 4.5 3.5 3.5 4.5 4.5 4.5 4.5 4.5 5.5 6.5 7.5 8.5 9.5 10.5 11.5 12.5 13.5 13.5 12.5 11.5 10.5 9.5 8.5 7.5 6.5 5.5 4.5 4.5 4.5 3.5 3.5 3.5 3.5 3.5 3.5 4.5 4.5 3.5 3.5 3.5 3.5 3.5 3.5 3.5 3.5 3.5 3.5 3.5 3.5 3.5 3.5 3.5 3.5 3.5 3.5 4.5 5.5 6.5 7.5 8.5 9.5 10.5 11.5 12.5 13.5 14.5 14.5 14.5 14.5 13.5 13.5 12.5 12.5 11.5 11.5 10.5 10.5 9.5 9.5 8.5 8.5 7.5 7.5 6.5 6.5 5.5 5.5 4.5 4.5 3.5 3.5 2.5 2.5 1.5 1.5 1.5 1.5 1.5 1.5 1.5 1.5 1.5 1.5 1.5 1.5 1.5 1.5 1.5 1.5 1.5 1.5 1.5 1.5 1.5 1.5 1.5 1.5 1.5 1.5 1.5 1.5 2.5 2.5 3.5 3.5 4.5 4.5 5.5 5.5 6.5 6.5 7.5 7.5 8.5 8.5 9.5 9.5 10.5 10.5 11.5 11.5 12.5 12.5 13.5 13.5 14.5 14.5 15.5 15.5 16.5 16.5 17.5 17.5 18.5 18.5 19.5 19.5 20.5 20.5 21.5 21.5 22.5 22.5 23.5 23.5 24.5 24.5 25.5 25.5 26.5 26.5 27.5 27.5 28.5 28.5 28.5 28.5 28.5 28.5 28.5 28.5 28.5 28.5 28.5 28.5 28.5 28.5 28.5 29.5 29.5 29.5 29.5 29.5 29.5 29.5 29.5 29.5 29.5 29.5 29.5 29.5 29.5 29.5 29.5 28.5 27.5 26.5 25.5 24.5 23.5 22.5 21.5 20.5 19.5 18.5 17.5 16.5 15.5 14.5 13.5 12.5 11.5 10.5 9.5 8.5 7.5 6.5 5.5 4.5 3.5 2.5 1.5 0.5 0.5 0.5 0.5 0.5 0.5 0.5 0.5 0.5 0.5 0.5 0.5 0.5 0.5 0.5 0.5 0.5 0.5 0.5 0.5 0.5 0.5 0.5 0.5 0.5 0.5 0.5 0.5 0.5
path_len 392
sPntx 15 17 19 19 19 19 19 13 15 13 19 17 17 15 17 13 15 19 17 17 17 15 15 13 11 11 9 13 11 9 9 9 7 7 7 7 7 9 11 13 15 17 19 21 7 7 7 7 9 11 13 15 17 19 21 23 23 23 23 21 23 21 23 23 23 25 25 25 25 25 25 25 23 21 19 23 17 15 13 11 9 7 5 5 21 7 19 9 5 17 11 15 13 5 21 21 23 21 21 21 11 9 9 11 9 11 11 13 13 1 3 5 1 1 7 1 9 1 1 1 1 1 11 1 1 1 1 1 3 5 7 9 13 15 11 17 19 21 23 25 27 29 29 29 29 29 29 29 29 29 29 29 29 29 29 29 27 25 23 21 19 17 15 13 3 27 3 27 27 27 27 27 3 27 3 27 27 3 3 27 27 3 3 3 3 27 27 3 3 3 5 5 5 5 5 5 5 7 9 7 11 13 9 15 17 19 21 11 21 23 13 19 15 5 17 23 25 25 25 25 25 25 5
sPnty 17 15 15 17 19 13 11 17 13 13 21 21 19 21 17 21 19 9 13 11 9 9 11 19 19 21 21 15 17 19 17 15 15 17 19 21 23 23 23 23 23 23 23 23 13 11 9 7 7 7 7 7 7 7 7 23 7 21 9 21 19 9 11 17 15 15 17 19 21 23 25 27 27 27 27 25 27 27 27 27 27 27 27 25 25 25 25 25 23 25 25 25 25 21 19 17 13 15 13 11 15 13 11 11 9 13 9 9 11 3 1 1 5 7 1 9 1 11 13 15 17 19 1 21 23 25 27 29 29 29 29 29 1 1 29 1 1 1 1 1 1 1 3 5 7 9 11 13 15 17 19 21 23 25 27 29 29 29 29 29 29 29 29 29 15 3 3 5 27 7 25 9 5 23 27 21 11 25 7 19 13 23 9 21 11 17 15 19 13 17 15 13 11 9 7 5 3 3 3 5 3 3 5 3 3 3 3 5 5 5 5 5 5 17 5 3 3 5 7 9 11 13 19
tPntx 15 15 17 19 19 19 19 15 15 15 19 19 17 17 15 15 15 19 15 19 17 17 15 13 13 11 11 13 11 11 11 9 9 7 7 7 7 7 9 11 13 15 17 19 7 7 7 7 7 9 11 13 15 17 19 21 21 23 23 23 23 23 23 23 23 23 25 25 25 25 25 25 25 23 21 23 19 17 15 13 11 9 7 5 21 7 19 9 5 17 11 15 13 5 23 23 23 23 23 23 9 9 9 9 9 9 11 15 13 1 1 3 1 1 5 1 7 1 1 1 1 1 9 1 1 1 1 1 1 3 5 7 11 13 9 15 17 19 21 23 25 27 29 29 29 29 29 29 29 29 29 29 29 29 29 29 29 27 25 23 21 19 17 11 1 29 1 29 29 29 29 29 1 29 1 29 29 1 1 29 29 1 1 1 1 29 29 1 1 1 3 5 5 5 5 5 5 5 7 7 9 11 9 13 15 17 19 11 21 21 13 19 15 5 17 23 23 23 25 25 25 25 5
tPnty 15 15 15 15 17 15 13 17 15 13 19 21 21 21 17 21 21 11 13 11 11 9 9 21 19 19 21 13 19 19 17 17 15 15 17 19 21 23 23 23 23 23 23 23 15 13 11 9 7 7 7 7 7 7 7 23 7 23 7 21 21 9 9 19 17 15 15 17 19 21 23 25 27 27 27 27 27 27 27 27 27 27 27 27 27 27 27 27 25 27 27 27 27 23 19 17 15 15 13 11 15 15 13 11 11 13 11 9 9 1 1 1 3 5 1 7 1 9 11 13 15 17 1 19 21 23 25 27 29 29 29 29 1 1 29 1 1 1 1 1 1 1 1 3 5 7 9 11 13 15 17 19 21 23 25 27 29 29 29 29 29 29 29 29 15 3 3 5 27 7 25 9 5 23 27 21 11 25 7 19 13 23 9 21 11 17 15 19 13 17 15 15 13 11 9 7 5 3 3 3 3 3 3 3 3 3 3 3 3 5 3 3 3 15 3 5 3 5 5 7 9 11 17
makeSpan 392
robNum 2
row0 4 4 4 4 4 5 4 4 5 6 7 6 7 6 7 6 7 6 7 6 7 6 7 6 7 6 7 6 7 6 7 6 7 6 7 6 7 6 7 6 7 6 7 6 7 7 6 6 7 8 9 8 9 9 9 9 9 9 8 9 8 9 9 9 9 9 9 8 9 8 9 9 8 8 9 10 11 10 11 11 10 10 10 11 10 10 10 10 10 10 10 11 10 10 11 10 11 10 11 11 10 10 11 12 13 12 13 13 12 12 13 12 13 12 13 12 12 12 13 12 13 13 12 12 13 12 13 12 13 13 12 12 13 14 15 14 15 15 14 14 15 14 15 14 15 15 15 14 15 14 15 15 14 14 15 14 15 14 15 15 14 14 15 16 17 16 17 17 16 16 17 16 16 16 17 16 17 16 16 17 16 16 17 16 17 16 17 17 16 16 17 18 19 18 19 19 18 18 19 18 19 18 19 18 19 18 19 18 19 18 19 18 19 18 19 18 19 18 19 18 19 18 19 19 18 18 19 20 21 20 21 21 21 21 21 21 21 21 21 21 21 21 21 21 21 20 21 20 21 21 20 20 21 22 22 22 22 22 22 22 22 22 23 22 23 22 22 22 22 22 22 22 22 23 22 22 23 24 25 24 25 24 25 24 25 24 25 24 25 24 25 24 25 24 25 24 25 24 25 24 25 24 25
col0 20 21 22 23 24 25 25 26 26 6 7 7 6 8 9 9 8 10 11 11 10 12 13 13 12 14 15 15 14 16 17 17 16 18 19 19 18 20 21 21 20 22 23 23 22 25 25 26 26 6 7 7 6 9 11 10 13 12 14 15 15 14 17 16 19 18 20 22 23 23 22 25 25 26 26 6 7 7 6 9 9 10 11 10 12 13 14 15 16 17 18 19 19 20 20 22 23 23 22 25 25 26 26 6 7 7 6 9 9 10 10 12 13 13 12 14 15 16 17 17 16 19 19 20 20 22 23 23 22 25 25 26 26 6 7 7 6 9 9 10 10 12 13 13 12 15 14 16 17 17 16 19 19 20 20 22 23 23 22 25 25 26 26 6 7 7 6 9 9 10 10 12 13 14 15 15 14 16 17 19 19 20 20 22 23 23 22 25 25 26 26 6 7 7 6 9 9 10 11 11 10 12 13 13 12 14 15 15 14 16 17 17 16 18 19 19 18 20 20 22 23 23 22 25 25 26 26 6 7 7 6 9 8 11 10 13 12 15 14 17 16 19 18 21 20 22 23 23 22 25 25 26 26 6 7 8 9 10 11 12 13 14 15 15 14 16 17 18 19 20 21 22 23 25 25 26 26 14 15 15 14 16 17 17 16 18 19 19 18 20 21 21 20 22 23 23 22 24 25 25 24 26 26
row1 0 1 0 1 0 1 0 1 0 1 0 1 0 1 0 1 0 1 0 1 0 1 0 1 0 1 0 1 0 1 0 1 0 1 0 1 0 1 0 1 0 1 0 1 0 1 0 1 0 1 0 1 0 1 0 1 0 1 0 1 2 3 2 3 2 2 2 2 2 2 2 2 2 2 2 2 2 3 2 3 2 2 2 2 2 2 2 2 2 2 2 2 2 3 2 3 4 5 4 5 5 4 4 4 5 4 4 4 4 4 4 4 4 4 4 4 4 4 4 4 5 4 5 6 7 6 7 7 6 6 7 6 7 6 7 8 9 8 9 9 8 8 9 8 9 8 9 10 11 10 11 11 10 10 11 10 11 10 11 12 13 12 13 13 12 12 13 12 13 12 13 14 15 14 15 15 14 14 15 14 15 14 15 16 17 16 17 17 16 16 17 16 17 16 17 18 19 18 19 19 18 18 19 18 19 18 19 20 21 20 21 21 20 20 21 20 21 20 21 22 23 22 23 23 22 22 23 22 23 22 23 24 25 24 25 25 24 24 25 24 25 24 25 24 25 24 25 24 25 24 25 24 25 24 25 24 25 24 25 24 25 26 27 26 27 27 27 27 27 27 27 27 27 27 27 27 27 27 27 27 27 27 27 27 27 27 27 27 27 27 27 26 27 26 27 28 29 28 29 28 29 28 29 28 29 28 29 28 29 28 29 28 29 28 29 28 29 28 29 28 29 28 29 28 29 28 29 28 29 28 29 28 29 28 29 28 29 28 29 28 29 28 29 28 29 28 29 28 29 28 29 28 29 28 29
col1 0 1 1 0 2 3 3 2 4 5 5 4 6 7 7 6 8 9 9 8 10 11 11 10 12 13 13 12 14 15 15 14 16 17 17 16 18 19 19 18 20 21 21 20 22 23 23 22 24 25 25 24 26 27 27 26 28 29 29 28 0 1 1 0 2 3 4 5 6 7 8 9 10 11 12 13 14 15 15 14 16 17 18 19 20 21 22 23 24 25 26 27 28 29 29 28 0 1 1 0 3 3 4 5 4 6 7 8 9 10 11 12 13 14 15 16 17 18 19 28 29 29 28 0 1 1 0 3 3 4 4 28 29 29 28 0 1 1 0 3 3 4 4 28 29 29 28 0 1 1 0 3 3 4 4 28 29 29 28 0 1 1 0 3 3 4 4 28 29 29 28 0 1 1 0 3 3 4 4 28 29 29 28 0 1 1 0 3 3 4 4 28 29 29 28 0 1 1 0 3 3 4 4 28 29 29 28 0 1 1 0 3 3 4 4 28 29 29 28 0 1 1 0 3 3 4 4 28 29 29 28 0 1 1 0 3 3 4 5 5 4 6 7 7 6 8 9 9 8 10 11 11 10 12 13 13 12 28 29 29 28 0 1 1 0 3 2 5 4 7 6 9 8 11 10 13 12 15 14 17 16 19 18 21 20 23 22 25 24 27 26 28 29 29 28 0 1 1 0 2 3 3 2 4 5 5 4 6 7 7 6 8 9 9 8 10 11 11 10 12 13 13 12 14 15 15 14 16 17 17 16 18 19 19 18 20 21 21 20 22 23 23 22 24 25 25 24 26 27 27 26 28 29 29 28
