g_sPntx 1 1 1 1 1 1 1 1 1 1 3 3 3 3 3 3 3 3 3 3 5 5 5 5 5 5 5 5 5 5 5 7 7 7 7 7 7 7 7 7 7 7 9 9 9 9 9 9 9 9 9 9 11 11 11 11 11 11 11 11 11 11 11 13 13 13 13 13 13 13 13 13 13 15 15 15 15 15 15 15 15 15 15 17 17 17 17 17 17 17 17 17 17 17 19 19 19 19 19 19 19 19 19 19
g_sPnty 1 3 5 7 9 11 13 15 17 19 1 3 5 7 9 11 13 15 17 19 1 3 3 5 7 9 11 13 15 17 19 1 3 5 7 9 11 13 13 15 17 19 1 3 5 7 9 11 13 15 17 19 1 3 3 5 7 9 11 13 15 17 19 1 3 5 7 9 11 13 15 17 19 1 3 5 7 9 11 13 15 17 19 1 3 5 7 9 9 11 13 15 17 19 1 3 5 7 9 11 13 15 17 19
g_tPntx 1 1 1 1 3 1 3 3 1 1 1 1 3 3 5 3 5 3 3 5 3 3 5 3 5 7 7 5 5 5 7 5 7 5 7 9 9 7 9 7 5 9 7 9 7 9 9 11 9 11 11 11 9 11 13 9 13 13 11 11 11 13 13 11 13 13 13 13 13 11 15 15 15 15 13 15 15 13 15 15 17 15 15 17 17 15 17 15 19 15 17 17 19 19 19 19 17 19 19 19 19 19 19 19
g_tPnty 1 1 3 9 9 9 13 15 15 17 1 3 3 5 9 13 13 13 17 19 1 3 5 5 5 9 11 11 17 19 19 1 1 5 5 9 11 15 13 17 17 19 1 1 5 5 11 11 11 15 17 19 1 1 3 5 7 9 13 15 17 17 19 1 1 3 5 7 9 13 15 17 19 1 3 3 5 9 9 11 15 15 17 1 3 5 5 9 9 11 11 13 17 19 3 5 5 5 7 9 11 13 15 17
STCPntx 1 1 1 1 1 1 1 1 1 1 3 3 3 3 3 3 3 3 3 3 5 5 5 5 5 5 5 5 5 5 5 7 7 7 7 7 7 7 7 7 7 7 9 9 9 9 9 9 9 9 9 9 11 11 11 11 11 11 11 11 11 11 11 13 13 13 13 13 13 13 13 13 13 15 15 15 15 15 15 15 15 15 15 17 17 17 17 17 17 17 17 17 17 17 19 19 19 19 19 19 19 19 19 19
STCPnty 1 3 5 7 9 11 13 15 17 19 1 3 5 7 9 11 13 15 17 19 1 3 3 5 7 9 11 13 15 17 19 1 3 5 7 9 11 13 13 15 17 19 1 3 5 7 9 11 13 15 17 19 1 3 3 5 7 9 11 13 15 17 19 1 3 5 7 9 11 13 15 17 19 1 3 5 7 9 11 13 15 17 19 1 3 5 7 9 9 11 13 15 17 19 1 3 5 7 9 11 13 15 17 19
rob0	set size = 90
rob1	set size = 84
rob2	set size = 92
rob3	set size = 92
rob4	set size = 86
max  = 92 min = 84
allNumSize = 100
path_x0 8.5 8.5 7.5 6.5 5.5 5.5 5.5 6.5 7.5 7.5 7.5 7.5 8.5 8.5 8.5 9.5 10.5 10.5 10.5 9.5 8.5 9.5 10.5 11.5 12.5 13.5 13.5 12.5 11.5 11.5 12.5 13.5 13.5 13.5 12.5 12.5 12.5 13.5 14.5 14.5 15.5 14.5 13.5 12.5 12.5 11.5 12.5 12.5 12.5 13.5 13.5 13.5 12.5 11.5 11.5 10.5 9.5 9.5 9.5 10.5 9.5 9.5 8.5 8.5 8.5 9.5 10.5 10.5 10.5 11.5 12.5 11.5 11.5 11.5 10.5 9.5 9.5 8.5 7.5 6.5 6.5 7.5 8.5 8.5 7.5 7.5
path_y0 3.5 4.5 4.5 4.5 4.5 5.5 6.5 6.5 6.5 7.5 6.5 5.5 5.5 6.5 7.5 7.5 7.5 8.5 9.5 9.5 9.5 9.5 9.5 9.5 9.5 9.5 8.5 8.5 8.5 7.5 7.5 7.5 6.5 5.5 5.5 4.5 3.5 3.5 3.5 2.5 2.5 2.5 2.5 2.5 3.5 3.5 3.5 4.5 5.5 5.5 6.5 7.5 7.5 7.5 6.5 6.5 6.5 5.5 4.5 4.5 4.5 3.5 3.5 2.5 1.5 1.5 1.5 2.5 1.5 1.5 1.5 1.5 0.5 1.5 1.5 1.5 0.5 0.5 0.5 0.5 1.5 1.5 1.5 2.5 2.5 3.5
path_len 86
path_x1 7.5 6.5 6.5 6.5 6.5 7.5 8.5 8.5 8.5 7.5 8.5 9.5 9.5 9.5 10.5 11.5 11.5 11.5 11.5 11.5 12.5 13.5 14.5 14.5 14.5 14.5 15.5 15.5 15.5 14.5 13.5 12.5 11.5 10.5 9.5 10.5 10.5 11.5 12.5 13.5 14.5 15.5 15.5 15.5 14.5 13.5 13.5 12.5 11.5 11.5 11.5 12.5 13.5 13.5 14.5 15.5 15.5 16.5 17.5 17.5 17.5 16.5 15.5 14.5 13.5 12.5 11.5 10.5 9.5 9.5 9.5 10.5 9.5 8.5 8.5 8.5
path_y1 15.5 15.5 14.5 13.5 14.5 14.5 14.5 13.5 12.5 12.5 12.5 12.5 13.5 14.5 14.5 14.5 13.5 12.5 13.5 14.5 14.5 14.5 14.5 13.5 12.5 13.5 13.5 14.5 15.5 15.5 15.5 15.5 15.5 15.5 15.5 15.5 16.5 16.5 16.5 16.5 16.5 16.5 17.5 18.5 18.5 18.5 17.5 17.5 17.5 18.5 19.5 19.5 19.5 18.5 18.5 18.5 17.5 17.5 17.5 18.5 19.5 19.5 19.5 19.5 19.5 19.5 19.5 19.5 19.5 18.5 17.5 17.5 17.5 17.5 16.5 15.5
path_len 76
path_x2 16.5 17.5 17.5 17.5 18.5 18.5 19.5 19.5 19.5 19.5 18.5 17.5 17.5 16.5 16.5 16.5 15.5 15.5 15.5 14.5 14.5 13.5 13.5 13.5 14.5 14.5 14.5 15.5 15.5 15.5 16.5 16.5 17.5 17.5 18.5 18.5 19.5 19.5 19.5 18.5 18.5 18.5 19.5 19.5 19.5 19.5 19.5 19.5 19.5 19.5 19.5 19.5 19.5 19.5 19.5 19.5 19.5 19.5 19.5 19.5 19.5 19.5 19.5 18.5 18.5 18.5 18.5 18.5 18.5 18.5 18.5 18.5 17.5 17.5 16.5 16.5 16.5 17.5 16.5 16.5 16.5 16.5 15.5 14.5 14.5
path_y2 10.5 10.5 9.5 10.5 10.5 9.5 9.5 8.5 7.5 6.5 6.5 6.5 7.5 7.5 8.5 7.5 7.5 8.5 9.5 9.5 8.5 8.5 7.5 6.5 6.5 5.5 4.5 4.5 5.5 6.5 6.5 5.5 5.5 6.5 6.5 5.5 5.5 4.5 3.5 3.5 2.5 1.5 1.5 0.5 1.5 2.5 3.5 4.5 5.5 6.5 7.5 8.5 9.5 10.5 11.5 12.5 13.5 14.5 15.5 16.5 17.5 18.5 19.5 19.5 18.5 17.5 16.5 15.5 14.5 13.5 12.5 11.5 11.5 12.5 12.5 13.5 14.5 14.5 14.5 13.5 12.5 11.5 11.5 11.5 10.5
path_len 85
path_x3 2.5 3.5 3.5 3.5 4.5 3.5 3.5 3.5 4.5 5.5 5.5 5.5 4.5 3.5 2.5 1.5 0.5 0.5 0.5 0.5 0.5 0.5 1.5 2.5 2.5 2.5 2.5 2.5 2.5 3.5 4.5 5.5 5.5 6.5 6.5 7.5 7.5 8.5 9.5 10.5 11.5 12.5 12.5 12.5 13.5 12.5 12.5 12.5 13.5 12.5 12.5 11.5 10.5 9.5 8.5 7.5 7.5 7.5 6.5 5.5 4.5 3.5 3.5 3.5 3.5 4.5 4.5 5.5 5.5 5.5 5.5 5.5 4.5 3.5 3.5 2.5 1.5 1.5 1.5 1.5 1.5 2.5
path_y3 2.5 2.5 3.5 2.5 2.5 2.5 1.5 0.5 0.5 0.5 1.5 0.5 0.5 0.5 0.5 0.5 0.5 1.5 2.5 3.5 4.5 5.5 5.5 5.5 6.5 7.5 8.5 9.5 8.5 8.5 8.5 8.5 9.5 9.5 10.5 10.5 11.5 11.5 11.5 11.5 11.5 11.5 12.5 13.5 13.5 13.5 12.5 11.5 11.5 11.5 10.5 10.5 10.5 10.5 10.5 10.5 9.5 8.5 8.5 8.5 8.5 8.5 7.5 6.5 5.5 5.5 6.5 6.5 5.5 4.5 3.5 4.5 4.5 4.5 5.5 5.5 5.5 4.5 3.5 2.5 1.5 1.5
path_len 82
path_x4 2.5 2.5 3.5 4.5 4.5 5.5 5.5 4.5 3.5 2.5 1.5 1.5 1.5 1.5 2.5 3.5 4.5 4.5 4.5 5.5 6.5 7.5 6.5 5.5 5.5 4.5 4.5 4.5 5.5 6.5 6.5 7.5 7.5 8.5 9.5 9.5 9.5 8.5 7.5 6.5 5.5 4.5 3.5 2.5 1.5 0.5 0.5 0.5 0.5 1.5 1.5 1.5 0.5 0.5 0.5 0.5 0.5 0.5 0.5 0.5 1.5 1.5 1.5 1.5 1.5 1.5 1.5 2.5 3.5 3.5 4.5 5.5 5.5 5.5 4.5 5.5 5.5 5.5 4.5 4.5 3.5 2.5 1.5 1.5
path_y4 14.5 15.5 15.5 15.5 14.5 14.5 15.5 15.5 15.5 15.5 15.5 16.5 17.5 18.5 18.5 18.5 18.5 17.5 16.5 16.5 16.5 16.5 16.5 16.5 17.5 17.5 18.5 19.5 19.5 19.5 18.5 18.5 19.5 19.5 19.5 18.5 19.5 19.5 19.5 19.5 19.5 19.5 19.5 19.5 19.5 19.5 18.5 17.5 16.5 16.5 15.5 14.5 14.5 13.5 12.5 11.5 10.5 9.5 8.5 7.5 7.5 8.5 9.5 10.5 11.5 12.5 11.5 11.5 11.5 12.5 12.5 12.5 11.5 10.5 10.5 10.5 11.5 12.5 12.5 13.5 13.5 13.5 13.5 14.5
path_len 84
sPntx 9 7 11 9 7 9 11 13 13 13 15 7 11 13 13 7 11 9 9 9 11 11 9 11 11 13 15 13 17 15 13 17 15 15 19 19 19 19 19 19 19 19 19 17 19 17 15 15 15 17 17 15 3 1 1 5 1 3 5 3 3 5 7 7 9 11 13 13 5 1 1 1 3 5 7 1 5 1 3 7 3 1 1 5 5 5 9
sPnty 1 1 1 5 5 7 7 7 5 3 3 7 9 9 1 3 5 9 15 17 17 15 13 13 19 19 19 17 19 17 15 17 15 13 11 13 15 17 19 9 7 5 3 13 1 7 11 7 9 5 15 5 1 1 3 1 5 5 5 7 9 9 9 11 11 11 11 13 7 15 17 19 19 19 19 13 17 11 13 17 11 9 7 13 11 15 19
tPntx 9 9 9 9 9 9 9 11 13 13 13 7 11 11 11 9 9 11 7 9 9 9 9 11 11 11 13 11 15 13 11 17 13 15 17 19 19 19 19 19 19 19 19 17 19 19 17 17 15 17 17 15 3 3 1 3 1 1 3 3 3 3 5 7 7 9 11 13 5 3 1 1 1 3 5 1 5 1 1 5 3 1 1 3 5 3 7
tPnty 3 1 1 3 5 5 7 7 7 5 3 5 7 9 1 3 5 9 15 15 17 15 15 15 17 19 19 17 19 17 15 19 15 15 11 11 13 15 17 11 9 7 5 11 3 7 11 7 7 7 13 7 3 1 1 1 3 5 5 5 7 9 9 9 11 11 11 11 5 15 15 17 19 19 19 15 19 13 13 17 13 11 9 13 13 15 19
makeSpan 86
robNum 5
row0 6 7 6 7 7 7 6 7 7 6 7 7 8 9 8 9 8 9 8 8 9 8 9 8 9 8 9 9 8 11 10 11 10 11 10 10 11 10 11 10 11 10 11 12 12 13 12 13 12 13 12 13 12 13 12 13 12 13 14 14 15
col0 0 1 1 0 3 2 4 5 4 6 7 6 0 1 1 0 2 3 3 4 5 5 4 6 7 7 6 9 9 1 1 0 2 3 4 6 7 7 6 8 9 9 8 1 2 3 3 2 4 5 5 7 7 6 8 9 9 8 2 3 2
row1 6 7 6 7 6 7 8 9 8 9 8 9 8 9 8 9 8 11 11 10 11 10 11 10 11 10 11 11 10 11 12 13 12 13 12 13 12 13 13 12 13 14 15 14 14 15 14 15 14 15 15 14 15 14 15 17 16 17 16 17
col1 13 12 14 15 15 14 12 13 13 12 14 15 15 14 16 17 17 13 12 14 15 15 14 16 17 17 16 19 19 18 14 15 15 14 16 17 17 16 19 19 18 12 13 13 14 15 15 14 16 17 16 18 19 19 18 17 17 19 19 18
row2 14 15 14 15 14 15 15 14 15 14 15 14 15 14 17 16 16 17 16 17 16 17 16 17 16 17 16 16 17 16 17 19 18 19 18 19 18 19 19 18 19 18 19 19 19 18 19 18 19 18 19 18 19 18 19 18 19 18 19 18 19 18 19 18 19 18 19
col2 4 5 5 4 6 7 6 8 9 9 8 10 11 11 5 5 6 7 7 6 8 9 10 11 11 10 12 13 12 14 14 1 1 0 2 3 3 2 5 5 4 6 7 6 9 9 8 10 11 11 10 12 13 13 12 14 15 15 14 16 17 17 16 18 19 19 18
row3 0 1 0 1 0 1 0 1 0 1 0 1 2 3 2 3 2 3 3 3 2 3 2 3 2 3 2 2 3 4 5 5 4 5 4 5 4 5 4 5 4 5 5 6 7 6 7 6 7 7 8 9 8 9 10 11 10 11 12 13 12 12 13 12
col3 0 1 1 0 2 3 3 2 4 5 5 4 0 1 1 0 2 3 2 5 5 4 6 7 7 6 8 9 8 0 1 0 2 3 4 5 5 4 6 6 8 9 8 8 9 9 8 10 11 10 10 11 11 10 10 11 11 10 10 11 11 12 13 13
row4 1 0 0 1 0 1 0 1 0 1 0 1 0 1 0 1 1 0 1 0 1 0 1 0 1 3 2 3 2 3 2 3 2 2 3 2 3 4 5 5 4 4 5 4 5 4 5 4 5 4 5 4 5 4 6 7 6 7 6 7 9 8 9
col4 7 7 8 9 9 8 10 11 11 10 12 13 13 12 14 15 14 16 17 17 16 18 19 19 18 11 11 13 13 12 14 15 15 18 19 19 18 10 11 10 12 13 12 14 15 15 14 16 17 17 16 18 19 19 16 16 18 19 19 18 19 19 18
