g_sPntx 1 1 1 1 1 1 1 1 1 1 1 1 1 1 1 1 1 1 1 1 1 3 3 3 3 3 3 3 3 3 3 3 3 3 3 3 3 3 3 3 3 3 5 5 5 5 5 5 5 5 5 5 5 5 5 5 5 5 5 5 5 5 7 7 7 7 7 7 7 7 7 7 7 7 7 7 7 7 7 7 7 7 9 9 9 9 9 9 9 9 9 9 9 9 9 9 9 9 9 9 9 9 9 11 11 11 11 11 11 11 11 11 11 11 11 11 11 11 11 11 11 11 11 11 13 13 13 13 13 13 13 13 13 13 13 13 13 13 13 13 13 13 13 13 13 15 15 15 15 15 15 15 15 15 15 15 15 15 15 15 15 15 15 15 15 15 17 17 17 17 17 17 17 17 17 17 17 17 17 17 17 17 17 17 17 17 17 19 19 19 19 19 19 19 19 19 19 19 19 19 19 19 19 19 19 19 19 21 21 21 21 21 21 21 21 21 21 21 21 21 21 21 21 21 21 21 21 23 23 23 23 23 23 23 23 23 23 23 23 23 23 23 23 23 23 23 23 23 25 25 25 25 25 25 25 25 25 25 25 25 25 25 25 25 25 25 25 25 25 27 27 27 27 27 27 27 27 27 27 27 27 27 27 27 27 27 27 27 27 27 27 29 29 29 29 29 29 29 29 29 29 29 29 29 29 29 29 29 29 29 29 31 31 31 31 31 31 31 31 31 31 31 31 31 31 31 31 31 31 31 31 31 33 33 33 33 33 33 33 33 33 33 33 33 33 33 33 33 33 33 33 33 33 33 33 35 35 35 35 35 35 35 35 35 35 35 35 35 35 35 35 35 35 35 35 37 37 37 37 37 37 37 37 37 37 37 37 37 37 37 37 37 37 37 37 37 39 39 39 39 39 39 39 39 39 39 39 39 39 39 39 39 39 39 39 39
g_sPnty 1 3 5 7 9 11 13 15 17 19 21 23 25 27 27 29 31 33 35 37 39 1 3 5 7 9 11 13 15 17 19 21 23 25 27 29 31 31 33 35 37 39 1 3 5 7 9 11 13 15 17 19 21 23 25 27 29 31 33 35 37 39 1 3 5 7 9 11 13 15 17 19 21 23 25 27 29 31 33 35 37 39 1 3 5 7 9 11 13 13 15 17 19 21 23 25 27 29 31 33 35 37 39 1 3 5 7 9 11 13 15 17 19 21 23 25 25 27 29 31 33 35 37 39 1 3 5 7 9 11 13 13 15 17 19 21 23 25 27 29 31 33 35 37 39 1 3 5 7 9 11 13 15 17 19 21 23 25 27 29 31 33 35 35 37 39 1 3 5 7 9 11 13 15 17 19 21 23 25 27 29 29 31 33 35 37 39 1 3 5 7 9 11 13 15 17 19 21 23 25 27 29 31 33 35 37 39 1 3 5 7 9 11 13 15 17 19 21 23 25 27 29 31 33 35 37 39 1 1 3 5 7 9 11 13 15 17 19 21 23 25 27 29 31 33 35 37 39 1 3 5 7 9 11 13 15 17 19 21 23 25 27 29 31 33 35 35 37 39 1 3 5 7 9 9 11 13 15 17 19 19 21 23 25 27 29 31 33 35 37 39 1 3 5 7 9 11 13 15 17 19 21 23 25 27 29 31 33 35 37 39 1 3 5 7 9 11 13 15 17 19 21 23 25 25 27 29 31 33 35 37 39 1 3 3 5 7 9 9 11 13 15 17 19 21 23 25 27 29 31 33 33 35 37 39 1 3 5 7 9 11 13 15 17 19 21 23 25 27 29 31 33 35 37 39 1 3 5 7 9 11 13 15 15 17 19 21 23 25 27 29 31 33 35 37 39 1 3 5 7 9 11 13 15 17 19 21 23 25 27 29 31 33 35 37 39
g_tPntx 1 1 1 1 1 3 3 3 3 3 3 3 3 1 3 3 1 1 1 1 3 3 1 1 3 5 5 3 3 3 3 3 3 3 3 3 1 3 3 5 5 5 5 3 3 5 7 5 7 7 3 5 5 5 5 3 5 5 3 5 5 5 7 5 5 7 9 9 9 7 9 9 9 5 9 9 5 9 7 5 7 5 9 7 7 9 11 11 9 11 7 9 9 9 9 9 11 9 9 9 7 9 9 11 9 9 11 11 11 13 13 13 9 13 11 9 13 13 9 13 13 13 9 11 13 11 11 13 15 15 13 15 13 15 13 13 13 15 13 13 13 13 15 15 11 15 13 13 15 15 15 15 13 15 15 13 17 17 17 15 17 17 15 17 17 17 17 15 15 17 15 17 17 15 17 15 17 19 17 17 17 17 17 17 17 17 19 19 17 17 19 19 19 17 19 19 17 17 21 21 19 19 17 19 21 21 21 21 19 19 21 21 19 21 21 19 23 21 21 23 23 21 19 21 23 21 21 23 25 21 21 23 25 25 23 21 23 23 21 25 23 23 23 21 23 25 25 25 25 23 23 25 25 27 27 23 25 23 25 25 25 25 25 23 25 25 25 25 27 27 25 25 27 25 29 27 27 29 29 25 29 27 25 29 29 27 25 27 29 29 29 29 27 27 29 31 31 31 29 29 31 27 29 29 31 31 31 31 31 29 29 31 29 29 31 31 33 31 31 33 33 31 31 29 31 31 31 33 33 31 29 31 33 31 33 31 33 31 35 35 31 33 33 35 33 31 33 31 35 35 33 33 35 35 35 33 35 33 35 37 37 33 35 35 35 35 33 35 35 37 35 35 35 35 37 35 37 35 37 39 37 39 35 39 39 35 39 39 39 39 39 39 39 39 39 39 37 39 37 39 39 39 39 39 39 39 39 39 39 39 39 39 39 39 39 39
g_tPnty 1 1 3 5 11 11 13 15 17 19 21 23 25 29 27 29 29 31 33 35 39 3 3 5 5 9 11 11 13 15 17 19 21 23 25 27 31 29 31 35 37 39 3 3 5 9 9 9 13 15 17 17 19 21 23 27 27 33 33 33 35 37 3 3 5 5 9 11 13 13 17 19 21 23 25 27 29 31 31 35 35 39 3 3 5 5 9 11 11 13 15 15 17 19 25 27 27 31 33 35 35 35 37 3 3 5 5 11 13 13 15 17 19 21 25 25 25 27 29 31 33 35 37 37 3 3 5 5 9 11 15 13 17 17 21 23 25 25 25 31 33 35 35 37 39 3 3 5 5 11 13 15 15 19 21 21 23 25 27 27 31 33 37 35 37 39 3 3 5 7 9 13 15 15 19 19 19 23 23 25 31 27 33 35 37 39 39 3 3 5 5 11 13 13 17 19 19 21 23 25 25 31 31 31 35 37 39 3 3 5 5 11 11 15 17 17 19 23 25 25 27 31 31 35 35 35 37 3 1 3 5 5 9 11 15 15 19 21 21 23 27 29 31 31 31 35 37 39 3 3 5 5 11 11 13 15 19 19 23 25 27 29 31 31 31 37 33 39 39 3 3 5 5 9 9 13 15 15 17 19 19 23 23 25 27 31 31 31 35 37 39 3 3 5 5 9 11 13 17 19 19 21 25 27 27 29 31 33 35 35 37 3 3 5 5 11 11 11 13 17 19 23 25 25 27 29 31 31 33 33 37 37 3 3 5 5 5 9 9 11 13 13 19 19 23 23 23 27 29 31 35 31 35 37 39 1 5 5 5 9 11 13 13 15 21 23 23 23 29 29 29 35 37 39 39 1 5 5 5 9 9 13 15 15 17 19 21 23 25 27 29 31 33 35 37 39 1 5 5 5 7 9 11 13 15 17 19 21 23 25 27 29 31 33 35 37
rob0	set size = 82
rob1	set size = 83
rob2	set size = 83
rob3	set size = 83
rob4	set size = 84
max  = 84 min = 82
allNumSize = 415
path_x0 9.5 8.5 8.5 8.5 8.5 7.5 7.5 7.5 6.5 7.5 7.5 7.5 6.5 5.5 4.5 4.5 4.5 5.5 4.5 3.5 4.5 4.5 4.5 3.5 4.5 4.5 4.5 4.5 3.5 2.5
path_y0 36.5 36.5 37.5 36.5 35.5 35.5 36.5 37.5 37.5 37.5 36.5 35.5 35.5 35.5 35.5 36.5 37.5 37.5 37.5 37.5 37.5 36.5 35.5 35.5 35.5 34.5 33.5 32.5 32.5 32.5
path_x1 15.5 14.5 13.5 12.5 11.5 10.5 10.5 9.5 8.5 8.5 8.5 7.5 6.5 6.5 5.5 4.5 3.5 3.5 3.5 2.5 3.5 3.5 4.5 5.5 6.5 7.5 8.5 9.5 10.5 10.5 10.5 10.5 11.5 11.5 12.5 12.5 12.5 12.5 11.5 10.5 10.5 11.5 12.5 12.5 12.5 13.5 13.5 13.5 13.5 12.5 12.5 12.5 13.5 14.5 14.5 14.5 14.5 14.5 14.5 14.5 15.5 15.5 15.5 14.5 14.5 15.5 15.5 15.5 15.5 16.5 15.5 15.5 14.5 14.5 14.5 15.5 15.5 15.5 16.5 16.5 17.5 17.5 17.5 17.5 18.5 17.5 17.5 17.5 18.5 19.5 19.5 19.5 19.5 20.5 20.5 20.5 19.5 18.5 19.5 19.5 20.5 20.5 21.5 21.5 21.5 21.5 22.5 22.5 22.5 23.5 23.5 23.5 24.5 24.5 23.5 23.5 23.5 24.5 23.5 22.5 21.5 20.5 21.5 21.5 21.5 22.5 21.5 20.5 20.5 21.5 22.5 21.5 20.5 20.5 20.5 21.5 22.5 22.5 22.5 21.5 20.5 20.5 19.5 19.5 19.5 19.5 19.5 18.5 18.5 18.5 19.5 19.5 19.5 18.5 19.5 19.5 19.5 18.5 18.5 17.5 18.5 18.5 17.5 16.5 16.5 17.5 17.5 18.5 17.5 16.5 16.5 17.5 18.5 18.5 18.5 19.5 20.5 21.5 22.5 22.5 22.5 23.5 23.5 23.5 23.5 23.5 23.5 24.5 25.5 25.5 25.5 25.5 26.5 25.5 25.5 25.5 24.5 24.5 23.5 22.5 21.5 21.5 21.5 21.5 22.5 22.5 22.5 23.5 24.5 24.5 24.5 24.5 24.5 25.5 25.5 25.5 26.5 26.5 26.5 27.5 27.5 27.5 28.5 28.5 28.5 28.5 28.5 29.5 29.5 29.5 30.5 30.5 30.5 30.5 29.5 28.5 27.5 27.5 27.5 26.5 27.5 27.5 27.5 28.5 28.5 29.5 29.5 30.5 31.5 31.5 31.5 32.5 31.5 31.5 31.5 31.5 31.5 31.5 30.5 29.5 29.5 29.5 30.5 30.5 31.5 32.5 32.5 33.5 33.5 32.5 32.5
path_y1 0.5 0.5 0.5 0.5 0.5 0.5 1.5 1.5 1.5 0.5 1.5 1.5 1.5 0.5 0.5 0.5 0.5 1.5 2.5 2.5 2.5 3.5 3.5 3.5 3.5 3.5 3.5 3.5 3.5 4.5 5.5 4.5 4.5 3.5 3.5 4.5 5.5 6.5 6.5 6.5 7.5 7.5 7.5 8.5 9.5 9.5 8.5 7.5 6.5 6.5 5.5 4.5 4.5 4.5 3.5 4.5 5.5 6.5 7.5 8.5 8.5 9.5 10.5 10.5 11.5 11.5 10.5 9.5 8.5 8.5 8.5 7.5 7.5 6.5 5.5 5.5 4.5 3.5 3.5 4.5 4.5 5.5 4.5 3.5 3.5 3.5 4.5 5.5 5.5 5.5 4.5 3.5 4.5 4.5 5.5 6.5 6.5 6.5 6.5 7.5 7.5 8.5 8.5 9.5 8.5 7.5 7.5 8.5 9.5 9.5 8.5 7.5 7.5 8.5 8.5 9.5 10.5 10.5 10.5 10.5 10.5 10.5 10.5 11.5 12.5 12.5 12.5 12.5 13.5 13.5 13.5 13.5 13.5 14.5 15.5 15.5 15.5 16.5 17.5 17.5 17.5 16.5 16.5 15.5 14.5 13.5 12.5 12.5 11.5 10.5 10.5 9.5 8.5 8.5 8.5 9.5 10.5 10.5 11.5 11.5 11.5 12.5 12.5 12.5 13.5 13.5 14.5 14.5 14.5 14.5 15.5 15.5 15.5 16.5 17.5 17.5 17.5 17.5 17.5 16.5 15.5 15.5 14.5 13.5 12.5 11.5 10.5 10.5 10.5 11.5 10.5 9.5 9.5 9.5 8.5 7.5 7.5 6.5 6.5 6.5 6.5 5.5 4.5 3.5 3.5 4.5 5.5 5.5 5.5 4.5 3.5 4.5 5.5 5.5 4.5 3.5 3.5 4.5 5.5 5.5 4.5 3.5 3.5 4.5 5.5 6.5 7.5 7.5 6.5 5.5 5.5 6.5 7.5 8.5 8.5 8.5 8.5 7.5 6.5 6.5 6.5 7.5 8.5 8.5 9.5 9.5 8.5 8.5 8.5 9.5 8.5 8.5 8.5 7.5 6.5 5.5 4.5 5.5 5.5 5.5 4.5 3.5 3.5 2.5 2.5 2.5 1.5 1.5 0.5 0.5 1.5
path_x2 28.5 28.5 28.5 28.5 28.5 27.5 26.5 25.5 24.5 23.5 22.5 22.5 22.5 22.5 21.5 22.5 23.5 24.5 24.5 24.5 24.5 25.5 25.5 26.5 25.5 24.5 24.5 24.5 23.5 24.5 25.5 26.5 27.5 27.5 28.5 28.5 28.5 28.5 28.5 29.5 29.5 30.5 31.5 32.5 33.5 33.5 33.5 32.5 33.5 33.5 33.5 34.5 34.5 34.5 35.5 34.5 34.5 34.5 35.5 36.5 36.5 36.5 36.5 35.5 34.5 33.5 33.5 32.5 33.5 34.5 34.5 33.5 32.5 31.5 31.5 31.5 31.5 30.5 30.5 29.5 28.5 27.5 27.5 27.5 27.5 26.5 26.5 26.5 26.5 25.5 24.5 24.5 24.5 24.5 25.5 25.5 26.5 27.5 27.5 27.5 26.5 27.5 27.5 27.5 28.5 29.5 29.5 29.5 28.5 27.5 27.5 27.5 27.5 28.5 29.5 30.5 30.5 30.5 29.5 28.5 28.5 28.5 29.5 30.5 29.5 29.5 29.5 30.5 31.5 31.5 31.5 31.5 32.5 33.5 34.5 35.5 35.5 35.5 35.5 35.5 36.5 37.5 37.5 38.5 37.5 38.5 38.5 38.5 38.5 39.5 39.5 39.5 38.5 38.5 37.5 36.5 36.5 36.5 37.5 36.5 36.5 36.5 37.5
path_y2 25.5 24.5 23.5 22.5 21.5 21.5 21.5 21.5 21.5 21.5 21.5 20.5 19.5 18.5 18.5 18.5 18.5 18.5 17.5 16.5 17.5 17.5 18.5 18.5 18.5 18.5 19.5 20.5 20.5 20.5 20.5 20.5 20.5 19.5 19.5 18.5 17.5 16.5 17.5 17.5 18.5 18.5 18.5 18.5 18.5 17.5 16.5 16.5 16.5 17.5 18.5 18.5 17.5 16.5 16.5 16.5 17.5 18.5 18.5 18.5 17.5 16.5 15.5 15.5 15.5 15.5 14.5 14.5 14.5 14.5 13.5 13.5 13.5 13.5 14.5 15.5 16.5 16.5 15.5 15.5 15.5 15.5 16.5 17.5 16.5 16.5 15.5 14.5 13.5 13.5 13.5 14.5 13.5 12.5 12.5 13.5 13.5 13.5 12.5 11.5 11.5 11.5 10.5 11.5 11.5 11.5 10.5 11.5 11.5 11.5 12.5 13.5 14.5 14.5 14.5 14.5 13.5 14.5 14.5 14.5 13.5 12.5 12.5 12.5 12.5 11.5 10.5 10.5 10.5 11.5 12.5 13.5 13.5 13.5 13.5 13.5 12.5 13.5 14.5 13.5 13.5 13.5 14.5 14.5 14.5 14.5 15.5 16.5 17.5 17.5 18.5 19.5 19.5 20.5 20.5 20.5 19.5 18.5 18.5 18.5 17.5 16.5 16.5
path_x3 29.5 30.5 30.5 31.5 31.5 31.5 31.5 31.5 32.5 32.5 33.5 33.5 33.5 33.5 33.5 34.5 34.5 34.5 35.5 34.5 34.5 34.5 35.5 36.5 36.5 36.5 37.5 37.5 37.5 36.5 35.5 34.5 35.5 36.5 36.5 35.5 34.5 34.5 35.5 36.5 36.5 35.5 34.5 33.5 33.5 33.5 32.5 32.5 31.5 30.5 30.5 29.5 28.5 28.5 29.5 30.5 30.5 30.5 31.5 32.5 32.5 32.5 32.5 33.5 33.5 34.5 35.5 36.5 36.5 35.5 35.5 34.5 33.5 33.5 33.5 32.5 31.5 30.5 30.5 30.5 31.5 30.5 30.5 29.5 29.5 29.5 28.5 27.5 27.5 26.5 26.5 25.5 25.5 24.5 23.5 23.5 23.5 24.5 25.5 25.5 25.5 26.5 26.5 26.5 27.5 28.5 28.5 27.5 26.5 25.5 24.5 23.5 23.5 22.5 22.5 21.5 20.5 20.5 20.5 21.5 20.5 20.5 20.5 20.5 21.5 22.5 23.5
path_y3 29.5 29.5 30.5 30.5 31.5 30.5 29.5 30.5 30.5 31.5 31.5 32.5 31.5 30.5 29.5 29.5 30.5 31.5 31.5 31.5 30.5 29.5 29.5 29.5 30.5 31.5 31.5 32.5 33.5 33.5 33.5 33.5 33.5 33.5 34.5 34.5 34.5 35.5 35.5 35.5 36.5 36.5 36.5 36.5 35.5 34.5 34.5 33.5 33.5 33.5 32.5 32.5 32.5 33.5 33.5 33.5 34.5 33.5 33.5 33.5 34.5 35.5 36.5 36.5 37.5 37.5 37.5 37.5 38.5 38.5 39.5 39.5 39.5 38.5 39.5 39.5 39.5 39.5 38.5 37.5 37.5 37.5 36.5 36.5 35.5 34.5 34.5 34.5 33.5 33.5 32.5 32.5 33.5 33.5 33.5 32.5 33.5 33.5 33.5 34.5 33.5 33.5 34.5 35.5 35.5 35.5 36.5 36.5 36.5 36.5 36.5 36.5 35.5 35.5 34.5 34.5 34.5 33.5 32.5 32.5 32.5 33.5 34.5 35.5 35.5 35.5 35.5
path_x4 8.5 8.5 8.5 8.5 8.5 9.5 9.5 9.5 10.5 10.5 10.5 10.5 10.5 9.5 10.5 10.5 10.5 9.5 8.5 8.5 8.5 9.5 9.5 9.5 8.5 7.5 6.5 7.5 8.5 8.5 7.5 6.5 6.5 6.5 7.5 8.5 8.5 8.5 7.5 6.5 7.5 7.5 7.5 6.5 6.5 5.5 4.5 4.5 4.5 5.5 5.5 6.5 5.5 5.5 4.5 4.5 4.5 5.5 4.5 4.5 4.5 4.5 5.5 5.5 4.5 3.5 3.5 3.5 2.5 2.5 1.5 1.5 1.5 0.5 0.5 0.5 0.5 0.5 1.5 2.5 2.5 2.5 1.5 0.5 0.5 0.5 0.5 1.5 1.5 1.5 1.5 2.5 3.5 3.5 4.5 4.5 3.5 2.5 2.5 3.5 4.5 4.5 3.5 3.5 2.5 3.5 4.5 4.5 3.5 2.5 2.5 3.5 4.5 5.5 5.5 5.5 6.5 6.5 5.5 4.5 3.5 3.5 2.5 3.5 4.5 4.5 3.5 2.5 1.5 1.5 1.5 1.5 1.5 2.5 3.5 3.5 3.5 2.5 1.5 1.5 1.5 1.5 0.5 0.5 0.5 0.5 0.5 1.5 1.5 1.5 0.5 1.5 1.5 2.5 2.5 3.5 4.5 4.5 5.5 5.5 6.5 7.5 6.5 6.5 6.5 7.5 8.5 9.5 9.5 9.5 9.5 9.5 10.5 9.5 9.5 9.5 10.5 11.5 12.5 13.5 14.5 14.5 13.5 12.5 11.5 11.5 11.5 10.5 9.5 9.5 9.5 9.5 10.5 11.5 10.5 10.5 10.5 11.5 12.5 12.5 12.5 11.5 11.5 10.5 10.5 11.5 12.5 12.5 12.5 13.5 13.5 13.5 14.5 14.5 14.5 15.5 14.5 14.5 14.5 15.5 16.5 16.5 16.5 16.5 16.5 16.5 17.5 18.5 19.5 18.5 17.5 17.5 17.5 18.5 19.5 18.5 17.5 17.5 16.5 16.5 15.5 14.5 13.5 13.5 13.5
path_y4 9.5 10.5 11.5 12.5 11.5 11.5 10.5 9.5 9.5 10.5 11.5 12.5 13.5 13.5 13.5 14.5 15.5 15.5 15.5 14.5 15.5 15.5 16.5 17.5 17.5 17.5 17.5 17.5 17.5 18.5 18.5 18.5 19.5 20.5 20.5 20.5 19.5 20.5 20.5 20.5 20.5 21.5 20.5 20.5 19.5 19.5 19.5 20.5 21.5 21.5 22.5 22.5 22.5 21.5 21.5 20.5 19.5 19.5 19.5 18.5 17.5 16.5 16.5 15.5 15.5 15.5 14.5 13.5 13.5 12.5 12.5 11.5 10.5 10.5 11.5 12.5 13.5 14.5 14.5 14.5 13.5 14.5 14.5 14.5 15.5 16.5 17.5 17.5 16.5 15.5 16.5 16.5 16.5 15.5 15.5 16.5 16.5 16.5 17.5 17.5 17.5 18.5 18.5 19.5 19.5 19.5 19.5 20.5 20.5 20.5 21.5 21.5 21.5 21.5 22.5 23.5 23.5 24.5 24.5 24.5 24.5 25.5 25.5 25.5 25.5 26.5 26.5 26.5 26.5 25.5 24.5 23.5 22.5 22.5 22.5 23.5 22.5 22.5 22.5 21.5 20.5 19.5 19.5 20.5 21.5 22.5 23.5 23.5 24.5 25.5 25.5 25.5 26.5 26.5 27.5 27.5 27.5 26.5 26.5 25.5 25.5 25.5 25.5 24.5 23.5 23.5 23.5 23.5 22.5 21.5 20.5 19.5 19.5 19.5 20.5 21.5 21.5 21.5 21.5 21.5 21.5 20.5 20.5 20.5 20.5 19.5 18.5 18.5 18.5 17.5 16.5 15.5 15.5 15.5 15.5 14.5 13.5 13.5 13.5 14.5 15.5 15.5 16.5 16.5 17.5 17.5 17.5 18.5 19.5 19.5 18.5 17.5 17.5 18.5 19.5 19.5 19.5 18.5 17.5 17.5 17.5 18.5 19.5 20.5 21.5 20.5 20.5 20.5 20.5 20.5 20.5 19.5 18.5 18.5 18.5 18.5 18.5 17.5 17.5 16.5 16.5 16.5 16.5 15.5 14.5
sPntx 1 1 1 1 1 1 1 3 3 3 3 3 3 5 5 5 5 5 5 7 7 7 7 7 7 7 9 9 9 9 9 9 9 9 11 11 11 11 11 11 11 11 11 13 13 13 13 13 13 13 13 13 15 15 15 15 15 15 15 15 15 17 17 17 17 17 17 17 17 19 19 19 19 19 19 19 21 21 3 3 5 5 7 7 9 9 11 11 11 11 13 13 13 13 13 15 15 15 15 15 15 17 17 17 17 17 17 17 19 19 19 19 19 19 19 19 19 21 21 21 21 21 21 21 21 21 23 23 23 23 23 23 23 23 25 25 25 25 25 25 27 27 27 27 27 29 29 29 29 29 31 31 31 31 31 33 33 21 23 23 25 25 25 25 25 27 27 27 27 27 27 29 29 29 29 29 29 29 29 31 31 31 31 31 31 31 33 33 33 33 33 33 33 33 33 33 35 35 35 35 35 35 35 35 35 35 35 35 35 37 37 37 37 37 37 37 37 37 37 37 37 37 39 39 39 39 39 39 39 39 39 39 39 39 39 17 19 19 21 21 21 21 21 21 21 21 23 23 23 23 23 23 23 23 23 25 25 25 25 25 25 25 25 25 27 27 27 27 27 27 27 27 27 29 29 29 29 29 29 29 31 31 31 31 31 31 31 33 33 33 33 33 33 33 35 35 35 35 35 35 35 37 37 37 37 37 37 37 39 39 39 39 39 39 39 1 1 1 1 1 1 1 1 1 1 1 1 1 1 3 3 3 3 3 3 3 3 3 3 3 3 5 5 5 5 5 5 5 5 5 5 5 5 7 7 7 7 7 7 7 7 7 7 7 9 9 9 9 9 9 9 9 9 11 11 11 11 11 11 11 13 13 13 13 13 13 13 15 15 15 15 15 17 17 17 19 19
sPnty 27 29 31 33 35 37 39 29 31 33 35 37 39 29 31 33 35 37 39 27 29 31 33 35 37 39 25 27 29 31 33 35 37 39 23 25 27 29 31 33 35 37 39 23 25 27 29 31 33 35 37 39 23 25 27 29 31 33 35 37 39 23 25 27 31 33 35 37 39 23 25 31 33 35 37 39 25 39 1 3 1 3 1 3 1 3 1 3 5 7 1 3 5 7 9 1 3 5 7 9 11 1 3 5 9 11 13 15 1 3 5 7 9 11 13 15 17 1 3 5 7 9 11 13 15 17 3 5 7 9 11 13 15 17 1 3 5 7 9 11 1 3 5 7 9 1 3 5 7 9 1 3 5 7 9 1 3 19 19 21 13 15 17 19 21 11 13 15 17 19 21 11 13 15 17 19 21 23 25 11 13 15 17 19 21 23 5 7 11 13 15 17 19 21 23 25 1 3 5 7 9 11 13 15 17 19 21 23 25 1 3 5 7 9 11 13 15 17 19 21 23 25 1 3 5 7 9 11 13 15 17 19 21 23 25 29 27 29 21 23 27 29 31 33 35 37 23 25 27 29 31 33 35 37 39 23 25 27 29 31 33 35 37 39 23 25 27 29 31 33 35 37 39 27 29 31 33 35 37 39 27 29 31 33 35 37 39 27 29 31 33 35 37 39 27 29 31 33 35 37 39 27 29 31 33 35 37 39 27 29 31 33 35 37 39 1 3 5 7 9 11 13 15 17 19 21 23 25 27 5 7 9 11 13 15 17 19 21 23 25 27 5 7 9 11 13 15 17 19 21 23 25 27 5 7 9 11 13 15 17 19 21 23 25 5 7 9 11 15 17 19 21 23 9 11 13 15 17 19 21 11 13 13 15 17 19 21 13 15 17 19 21 17 19 21 19 21
tPntx 1 1 1 1 1 1 3 1 1 3 5 5 5 3 5 3 5 5 7 7 5 9 7 5 7 9 9 7 11 11 9 7 9 11 11 9 9 11 13 11 9 11 13 15 13 11 13 15 13 11 13 15 17 15 13 15 17 17 13 15 15 17 17 15 19 17 17 15 17 19 17 19 19 19 17 19 19 19 3 3 3 3 5 5 7 7 9 9 11 13 11 11 13 13 13 13 13 15 15 15 15 15 15 17 15 19 19 19 17 17 19 21 19 19 19 19 21 19 19 21 21 21 23 23 23 23 21 23 21 23 25 23 23 23 25 23 25 23 25 25 27 25 27 27 29 29 27 29 29 31 31 29 29 31 31 33 31 21 21 23 27 25 25 23 23 27 27 29 27 27 25 27 31 31 29 27 27 29 29 31 33 31 31 29 31 29 35 35 35 35 35 33 31 33 31 33 37 37 35 35 35 35 35 37 35 33 35 33 35 39 37 39 39 39 35 39 37 37 35 37 37 35 39 39 39 39 39 39 39 39 39 39 37 39 37 17 19 17 21 23 19 19 21 21 23 23 25 23 21 21 23 25 25 25 25 25 23 25 23 25 27 25 27 27 27 25 27 25 27 27 29 29 27 29 27 29 31 29 31 31 31 29 31 33 31 31 33 33 31 33 33 33 35 35 35 33 35 37 37 37 37 37 35 37 37 37 37 37 39 37 39 39 39 39 39 1 1 1 1 1 1 3 3 1 1 1 1 1 3 1 1 3 3 3 5 5 5 5 1 5 5 3 5 3 5 7 5 5 5 5 7 7 5 5 7 5 7 7 7 9 9 9 9 7 7 9 7 9 11 9 9 9 9 9 11 11 11 13 9 11 11 11 13 13 13 13 11 13 15 13 15 13 15 17 17 17 17
tPnty 27 27 29 31 33 35 39 29 31 31 35 37 39 29 33 33 33 35 39 29 29 31 31 35 35 39 27 27 29 31 35 35 35 39 25 25 27 31 31 35 35 35 39 23 27 27 31 31 35 35 35 39 23 27 27 27 31 33 35 35 37 25 27 27 31 35 37 37 37 25 25 33 35 37 37 37 25 39 1 1 1 3 1 3 1 3 1 3 3 7 1 3 3 5 7 1 3 3 5 7 9 1 3 3 9 11 13 15 1 3 3 7 11 13 15 17 17 1 3 3 5 7 11 13 15 17 3 3 7 7 11 11 13 15 3 3 3 7 7 9 3 3 3 9 9 3 3 3 5 9 3 3 5 5 7 3 3 19 19 19 13 13 19 19 21 13 15 15 15 21 21 11 13 15 19 19 21 21 23 13 13 13 15 19 23 23 5 7 11 13 15 19 19 23 23 23 1 3 3 5 7 9 15 15 19 19 23 23 23 1 1 5 7 9 11 13 17 19 19 19 21 25 3 5 7 9 11 13 15 17 19 21 21 25 25 29 29 29 23 23 27 29 29 35 35 37 23 27 27 29 29 33 35 37 39 25 25 29 29 29 33 37 37 39 25 25 29 29 29 35 35 37 37 29 29 29 33 37 37 39 29 29 29 33 33 39 39 29 29 29 35 37 37 39 29 29 29 33 35 37 39 29 29 29 31 33 35 37 29 29 29 31 33 35 37 1 1 3 5 7 13 13 15 15 21 23 25 27 27 5 7 7 9 15 15 17 19 21 23 25 27 5 9 9 9 13 17 19 21 23 23 25 25 5 5 9 9 11 13 17 19 21 23 23 5 5 9 9 15 15 17 19 21 9 9 11 13 17 19 19 11 13 11 13 15 17 21 13 13 17 17 21 17 17 19 19 21
makeSpan 271
robNum 5
row0 0 0 1 0 0 1 1 0 1 0 1 0 1 0 1 1 1 0 1 2 3 2 2 3 2 3 3 3 3 2 4 4 5 4 4 5 4 4 5 4 5 4 5 4 4 5 4 5 6 7 6 7 6 6 7 6 7 6 6 7 6 7 7 6 7 7 6 9 8 9 8 8 9 9 8 9 9 8 9 8 9 8 9 8 8 9 8 8 9 8 9 8 9 10 11 10 10 11 10 11 10 11 10 10 11 10 11 10 11 11 10 11 10 11 10 11 10 11 10 11 10 11 12 13 13 12 12 13 12 13 12 13 12 12 13 12 13 12 12 13 12 13 13 12 13 12 13 12 13 12 13 14 15 14 15 14 15 14 15 14 15 14 15 14 15 14 15 14 14 15 14 15 14 14 15 14 15 15 14 15 14 15 17 16 17 16 16 17 16 17 16 17 16 16 17 16 17 16 16 16 17 16 17 17 16 17 17 16 17 18 19 18 19 18 19 18 19 18 19 18 19 19 18 19 19 18 19 18 18 19 18 19 18 19 20 21 20 21 20 21 20 21
col0 27 28 29 29 30 31 30 32 33 33 32 34 35 35 34 36 39 39 38 28 29 29 31 30 32 32 35 37 39 39 28 29 28 31 32 33 33 34 35 35 34 36 37 37 38 39 39 38 26 27 27 26 28 29 31 31 30 32 34 35 35 34 37 37 36 39 39 25 25 24 26 27 26 29 29 28 31 31 30 32 33 33 32 34 35 34 36 37 36 38 39 39 38 22 23 23 24 25 26 27 27 26 29 30 31 31 30 32 33 32 34 35 35 34 36 37 37 36 38 39 39 38 22 23 22 24 25 24 26 27 27 26 29 30 31 31 30 32 33 32 34 35 34 36 37 37 36 38 39 39 38 22 23 23 22 24 25 25 24 26 27 27 26 28 29 29 28 30 31 30 32 33 33 35 34 36 37 36 38 39 39 38 23 23 22 24 25 24 26 27 27 26 29 30 31 31 30 32 33 34 35 35 34 37 37 36 39 39 38 22 23 23 22 24 25 25 24 30 31 31 30 33 33 32 35 35 34 36 37 36 38 39 39 38 24 25 25 24 38 39 39 38
row1 3 3 2 3 3 4 4 5 4 5 4 5 6 7 6 6 7 6 7 8 9 8 8 9 8 9 10 10 11 10 11 10 11 10 10 11 10 11 10 11 12 13 13 12 12 13 12 12 13 12 13 12 13 12 13 12 13 14 15 14 15 14 15 14 15 14 15 14 15 14 15 14 14 15 15 14 15 14 15 16 17 16 17 16 17 16 17 16 17 17 16 17 16 17 16 17 16 17 16 17 18 19 18 18 19 18 19 19 18 19 18 19 19 18 19 19 18 18 19 18 19 19 18 19 18 19 18 19 18 19 20 21 20 21 20 21 21 20 21 20 21 20 21 20 21 20 21 21 20 21 21 20 21 20 21 20 21 20 20 21 20 22 23 22 22 23 22 23 22 22 23 22 23 22 23 22 23 22 23 23 22 23 22 23 23 22 23 22 22 24 25 24 24 25 24 25 24 25 24 25 24 25 24 24 25 25 24 25 25 26 27 26 27 27 26 27 26 27 26 27 26 27 27 26 27 28 29 28 29 28 29 28 29 28 29 28 29 28 29 28 29 28 29 28 29 30 30 31 30 30 31 31 30 31 30 31 30 31 30 31 31 32 33 32 33 32 32
col1 1 0 2 3 2 0 1 0 2 3 3 2 0 1 1 2 3 3 2 0 1 1 2 3 3 2 0 1 0 2 3 3 2 4 5 4 6 7 7 6 0 1 0 2 3 2 4 5 4 6 7 7 6 8 9 9 8 0 1 1 0 2 3 3 2 4 5 5 4 6 7 7 8 9 8 10 11 11 10 0 1 1 0 2 3 3 2 4 5 4 8 11 12 13 13 12 14 15 15 14 0 1 1 2 3 3 2 5 5 4 6 7 6 8 9 8 10 11 10 12 13 12 14 15 15 14 16 17 17 16 0 1 1 0 2 3 2 4 5 5 4 6 7 7 6 8 9 8 10 11 10 12 13 13 12 14 15 15 16 17 17 1 0 2 3 2 4 5 5 6 7 7 6 8 9 9 8 10 11 10 12 13 13 12 15 15 14 16 17 0 1 1 2 3 3 2 4 5 5 4 6 7 7 8 9 8 10 11 10 0 1 1 0 3 3 2 4 5 5 4 6 7 6 9 8 0 1 1 0 2 3 3 2 4 5 5 4 6 7 7 6 8 9 9 8 0 1 0 2 3 2 5 5 4 6 7 7 6 8 9 8 0 1 1 0 2 8
row2 21 22 22 23 22 23 22 23 24 25 24 25 24 24 25 24 24 24 25 24 25 24 25 27 26 27 27 26 27 26 27 26 27 26 27 27 26 27 26 27 26 27 29 28 29 28 28 29 28 29 28 29 28 29 28 28 28 29 29 28 28 29 28 29 28 29 28 29 30 31 31 30 31 30 31 30 31 30 31 30 31 30 31 30 31 30 31 31 31 30 31 30 33 32 33 32 33 32 33 33 32 33 32 33 32 32 33 33 32 33 33 32 33 32 33 32 33 32 32 33 32 33 34 35 34 35 34 35 34 35 34 35 34 35 34 35 34 35 34 35 34 35 34 34 35 35 34 35 34 35 34 35 34 34 35 34 35 34 35 34 35 34 34 35 34 35 35 37 36 37 36 36 36 37 36 37 37 36 37 36 36 37 36 36 37 36 37 36 37 36 37 36 36 37 36 36 37 36 37 36 37 36 37 37 36 37 36 38 39 38 39 38 39 38 39 38 39 38 39 38 39 39 38 39 39 39 38 39 38 39 39 38 39 38 39 38 39 38 39 39 38 39 38 39 38 39 38 39 38 39 38 39 38 39
col2 18 18 19 18 20 21 21 20 12 13 13 12 14 16 17 17 18 19 18 20 21 21 20 11 11 10 13 13 12 14 15 15 14 16 17 16 18 19 20 21 21 20 11 11 10 12 13 12 14 15 15 14 16 17 17 18 19 18 21 21 22 23 23 22 24 25 25 24 10 11 10 12 13 13 12 14 15 15 14 16 16 18 19 19 18 20 21 20 23 23 22 24 3 4 5 5 4 6 6 9 10 11 11 13 13 14 15 14 16 17 16 18 19 19 18 20 21 21 22 23 23 24 0 1 1 0 2 3 3 2 4 5 5 4 6 7 7 6 8 9 9 8 10 11 10 13 13 12 14 15 15 14 16 17 16 18 19 19 18 20 21 21 22 23 23 25 24 1 1 0 2 3 4 5 5 4 7 7 6 8 9 8 10 11 10 12 13 13 12 15 14 16 17 16 18 19 18 20 21 21 20 22 23 22 24 25 25 0 1 1 0 2 3 3 2 4 5 5 4 6 7 6 8 9 8 11 11 10 12 13 12 14 15 15 14 16 17 17 16 19 19 18 20 21 21 20 22 23 23 22 24 25 25 24
row3 17 19 19 18 19 18 19 21 20 20 20 21 20 21 20 21 20 21 20 21 20 21 21 20 20 21 20 21 20 21 20 21 20 21 22 23 22 23 22 22 22 23 22 23 23 23 22 23 23 23 22 23 22 22 22 23 22 23 22 23 24 25 24 25 24 25 24 25 25 24 25 24 25 24 25 24 25 24 25 25 24 25 24 25 24 25 24 25 24 25 24 25 26 27 27 26 27 26 27 26 27 26 27 26 27 26 27 27 26 27 26 27 26 26 27 26 27 26 27 26 27 27 26 27 28 29 28 29 28 29 28 29 28 29 28 29 28 29 28 29 28 29 28 29 28 29 29 29 28 29 31 30 31 30 31 31 30 31 30 31 31 30 31 30 30 30 31 30 30 31 30 32 33 32 33 32 33 33 32 33 32 33 32 33 32 33 32 33 32 33 33 33 32 33 34 35 35 34 35 34 35 34 35 34 35 34 34 35 34 35 34 35 34 35 35 34 35 36 37 36 37 36 37 36 37 36 37 36 37 36 37 36 37 36 36 37 36 37 36 37 36 37 38 39 39 38 39 38 39 38 39 38 39 38 39 38 39 38 39 38 39 39 38 39 38 39 38 39
col3 28 27 26 28 29 29 28 21 21 22 23 22 26 27 27 26 28 29 29 28 30 31 30 32 33 32 34 35 35 34 36 37 37 36 22 22 24 25 25 26 27 26 28 29 28 31 31 30 33 32 34 35 35 36 37 36 38 39 39 38 22 23 23 22 24 25 25 24 27 27 26 28 29 29 28 30 31 31 30 33 33 32 35 34 36 37 37 36 38 39 39 38 22 23 22 24 25 25 24 26 27 27 26 28 29 29 28 31 31 30 32 33 33 34 35 35 34 36 37 37 36 39 39 38 26 27 27 26 28 29 29 28 30 31 31 30 32 33 33 32 34 35 35 34 36 37 36 39 39 38 25 26 27 27 26 29 29 28 30 31 30 32 33 33 34 36 37 37 38 39 39 26 27 27 26 28 29 28 30 31 31 30 33 32 34 35 35 34 36 37 36 39 39 38 26 27 26 28 29 29 28 30 31 31 33 33 34 35 35 34 36 37 37 36 39 39 38 26 27 27 26 28 29 29 28 30 31 31 33 33 32 34 35 35 36 37 37 36 38 39 39 38 26 27 26 28 29 29 28 30 31 31 30 32 33 33 32 34 35 35 34 37 37 36 38 39 39 38
row4 0 1 0 1 0 1 0 1 0 1 0 1 0 0 1 0 0 1 0 1 0 1 0 0 1 0 1 0 1 0 1 0 1 1 0 0 1 0 1 0 1 0 1 1 0 1 1 2 3 2 3 2 2 3 2 3 2 3 2 3 2 3 2 3 2 2 3 3 2 3 2 3 3 2 3 2 3 2 3 2 3 3 3 2 3 2 3 2 3 4 5 4 5 4 4 5 4 4 5 5 4 4 5 5 4 4 4 5 4 5 4 4 5 4 5 5 4 5 4 5 4 4 5 6 7 6 7 6 7 6 7 6 7 6 7 7 6 7 6 7 7 6 7 6 7 7 6 6 6 7 6 7 7 6 7 6 6 7 6 8 9 8 9 8 9 8 9 9 8 9 8 9 8 9 8 9 8 9 8 9 8 9 8 9 8 9 8 9 9 9 8 9 10 11 10 10 11 10 10 11 10 11 10 11 10 10 11 10 11 10 11 10 11 11 10 11 13 12 13 12 13 12 13 12 13 13 12 13 12 13 12 13 12 13 12 13 14 14 15 14 15 14 15 14 15 14 15 14 14 14 16 17 16 16 17 16 17 16 16 17 18 19 18 19
col4 0 1 1 0 2 3 3 2 4 5 5 4 6 7 6 8 9 8 10 11 11 10 12 13 12 14 15 15 14 16 17 17 16 19 19 20 21 21 20 22 23 23 22 25 25 24 26 4 5 5 4 6 7 6 8 9 9 8 10 11 11 10 12 13 13 14 15 14 16 17 17 16 19 19 18 20 21 21 20 22 23 22 25 25 24 26 27 27 26 4 5 5 7 7 8 9 9 10 11 10 12 13 12 15 15 16 17 16 18 19 19 20 21 21 23 22 24 25 25 24 26 27 26 4 5 5 4 6 7 7 6 8 9 9 8 11 11 10 12 13 12 14 15 15 14 17 17 18 19 18 20 21 20 22 23 23 24 25 25 4 5 5 4 6 7 7 6 9 9 8 10 11 11 10 12 13 14 15 15 17 17 16 18 19 19 18 20 21 20 23 23 22 8 9 9 10 11 11 12 13 13 12 14 15 15 16 17 17 16 18 19 19 18 21 21 20 11 11 10 13 12 14 15 15 14 17 17 16 18 19 19 18 20 21 21 20 12 13 12 14 14 16 17 17 16 18 19 19 20 21 16 17 17 18 19 19 18 20 21 20 18 18 20 20
